1618477973787	1618477973787	789	483
1618477973881	1618477973882	789	472
1618477973975	1618477973977	795	463
1618477974069	1618477974071	799	457
1618477974161	1618477974165	801	452
1618477974255	1618477974259	801	453
1618477974349	1618477974353	804	448
1618477974443	1618477974447	806	448
1618477974537	1618477974541	807	453
1618477974631	1618477974635	809	461
1618477974725	1618477974729	809	468
1618477974819	1618477974823	809	467
1618477974913	1618477974917	808	459
1618477975007	1618477975011	810	448
1618477975101	1618477975105	813	440
1618477975195	1618477975195	809	433
1618477975289	1618477975290	811	433
1618477975380	1618477975385	802	425
1618477975474	1618477975480	798	421
1618477975568	1618477975575	796	412
1618477975662	1618477975670	789	415
1618477975756	1618477975765	794	412
1618477975850	1618477975860	788	412
1618477975944	1618477975955	791	411
1618477976038	1618477976050	782	403
1618477976132	1618477976145	776	392
1618477976226	1618477976240	773	389
1618477976320	1618477976335	770	386
1618477976414	1618477976433	770	386
1618477976508	1618477976527	764	383
1618477976599	1618477976621	764	381
1618477976693	1618477976715	755	373
1618477976787	1618477976809	755	366
1618477976881	1618477976903	751	370
1618477976975	1618477976997	752	373
1618477977069	1618477977091	747	375
1618477977163	1618477977185	746	374
1618477977257	1618477977279	741	379
1618477977351	1618477977373	740	383
1618477977445	1618477977467	733	383
1618477977539	1618477977561	732	383
1618477977633	1618477977651	731	389
1618477977727	1618477977746	727	390
1618477977817	1618477977841	722	394
1618477977911	1618477977936	722	392
1618477978005	1618477978031	720	399
1618477978099	1618477978126	716	400
1618477978193	1618477978221	712	394
1618477978287	1618477978316	709	392
1618477978381	1618477978411	703	391
1618477978475	1618477978506	700	382
1618477978569	1618477978601	704	388
1618477978663	1618477978696	699	388
1618477978757	1618477978791	697	385
1618477978851	1618477978884	701	380
1618477978945	1618477978978	700	374
1618477979037	1618477979072	700	368
1618477979131	1618477979166	700	367
1618477979225	1618477979260	692	376
1618477979319	1618477979354	696	372
1618477979413	1618477979448	691	366
1618477979507	1618477979542	691	364
1618477979601	1618477979636	691	368
1618477979695	1618477979730	691	374
1618477979789	1618477979824	695	380
1618477979883	1618477979918	690	377
1618477979977	1618477980012	687	382
1618477980071	1618477980106	688	381
1618477980165	1618477980201	687	386
1618477980262	1618477980296	679	389
1618477980357	1618477980391	674	390
1618477980452	1618477980486	672	391
1618477980547	1618477980581	669	388
1618477980642	1618477980676	670	394
1618477980737	1618477980771	667	394
1618477980832	1618477980866	665	406
1618477980927	1618477980961	666	409
1618477981022	1618477981056	666	409
1618477981117	1618477981151	665	411
1618477981212	1618477981246	664	412
1618477981307	1618477981337	656	422
1618477981402	1618477981431	648	429
1618477981497	1618477981525	641	433
1618477981591	1618477981619	636	433
1618477981685	1618477981713	633	428
1618477981779	1618477981807	633	439
1618477981873	1618477981901	635	436
1618477981967	1618477981995	636	441
1618477982061	1618477982089	638	438
1618477982155	1618477982183	622	440
1618477982249	1618477982277	604	459
1618477982343	1618477982371	570	457
1618477982437	1618477982465	600	462
1618477982531	1618477982556	614	467
1618477982625	1618477982650	620	477
1618477982718	1618477982744	665	475
1618477982812	1618477982838	707	482
1618477982906	1618477982932	697	479
1618477983000	1618477983026	666	480
1618477983094	1618477983120	640	479
1618477983188	1618477983214	626	475
1618477983282	1618477983308	588	477
1618477983376	1618477983402	575	476
1618477983470	1618477983496	542	482
1618477983564	1618477983590	678	487
1618477983658	1618477983684	690	493
1618477983752	1618477983774	733	509
1618477983846	1618477983868	761	503
1618477983936	1618477983962	753	513
1618477984030	1618477984056	752	505
1618477984124	1618477984150	733	492
1618477984218	1618477984244	717	454
1618477984312	1618477984338	704	459
1618477984406	1618477984432	705	498
1618477984500	1618477984526	699	514
1618477984594	1618477984620	698	567
1618477984688	1618477984714	691	546
1618477984782	1618477984808	696	487
1618477984876	1618477984902	695	450
1618477984970	1618477984992	695	446
1618477985064	1618477985087	696	406
1618477985157	1618477985182	702	393
1618477985251	1618477985277	704	398
1618477985345	1618477985372	709	480
1618477985439	1618477985467	717	536
1618477985533	1618477985562	715	549
1618477985627	1618477985657	720	557
1618477985721	1618477985752	724	545
1618477985815	1618477985847	721	540
1618477985909	1618477985942	726	525
1618477986003	1618477986037	724	507
1618477986097	1618477986132	720	494
1618477986191	1618477986227	721	487
1618477986285	1618477986321	714	483
1618477986380	1618477986415	711	483
1618477986474	1618477986509	711	487
1618477986568	1618477986603	707	488
1618477986662	1618477986697	698	492
1618477986756	1618477986791	691	491
1618477986850	1618477986885	691	497
1618477986944	1618477986979	688	503
1618477987038	1618477987073	689	510
1618477987132	1618477987167	685	514
1618477987226	1618477987261	684	522
1618477987320	1618477987355	680	523
1618477987414	1618477987445	674	535
1618477987508	1618477987539	674	537
1618477987603	1618477987633	675	541
1618477987697	1618477987727	670	556
1618477987791	1618477987821	678	554
1618477987885	1618477987915	668	561
1618477987979	1618477988009	669	565
1618477988073	1618477988103	665	573
1618477988167	1618477988197	663	579
1618477988261	1618477988291	663	582
1618477988355	1618477988385	667	586
1618477988449	1618477988479	666	588
1618477988543	1618477988573	664	591
1618477988637	1618477988667	658	591
1618477988731	1618477988761	654	591
1618477988819	1618477988855	652	587
1618477988913	1618477988949	646	585
1618477989007	1618477989043	647	583
1618477989101	1618477989137	640	582
1618477989195	1618477989231	636	580
1618477989289	1618477989325	638	575
1618477989383	1618477989419	633	573
1618477989477	1618477989513	637	572
1618477989571	1618477989607	640	568
1618477989665	1618477989701	641	563
1618477989759	1618477989795	642	560
1618477989853	1618477989887	646	553
1618477989947	1618477989981	644	549
1618477990036	1618477990075	644	545
1618477990130	1618477990169	645	539
1618477990224	1618477990263	651	531
1618477990318	1618477990357	647	526
1618477990412	1618477990451	643	522
1618477990506	1618477990545	649	513
1618477990600	1618477990639	645	516
1618477990694	1618477990733	647	516
1618477990788	1618477990827	651	521
1618477990882	1618477990921	650	521
1618477990976	1618477991015	647	522
1618477991070	1618477991106	647	522
1618477991164	1618477991200	651	520
1618477991262	1618477991294	651	518
1618477991357	1618477991388	650	515
1618477991452	1618477991482	649	520
1618477991547	1618477991576	652	519
1618477991642	1618477991670	655	518
1618477991737	1618477991764	658	514
1618477991832	1618477991858	662	514
1618477991927	1618477991952	663	511
1618477992022	1618477992046	668	510
1618477992117	1618477992140	664	498
1618477992212	1618477992234	662	495
1618477992307	1618477992323	670	483
1618477992402	1618477992417	666	471
1618477992497	1618477992511	665	466
1618477992591	1618477992605	664	462
1618477992685	1618477992699	664	454
1618477992779	1618477992793	666	447
1618477992873	1618477992887	663	442
1618477992967	1618477992981	662	434
1618477993061	1618477993075	666	431
1618477993155	1618477993169	667	432
1618477993249	1618477993263	667	433
1618477993343	1618477993357	669	434
1618477993437	1618477993451	675	434
1618477993531	1618477993539	675	440
1618477993625	1618477993633	675	443
1618477993718	1618477993727	673	440
1618477993812	1618477993821	681	435
1618477993906	1618477993915	676	430
1618477994000	1618477994009	675	420
