1618477485692	1618477485708	109	-55
1618477485786	1618477485802	110	-58
1618477485880	1618477485896	113	-59
1618477485974	1618477485990	107	-62
1618477486068	1618477486084	109	-66
1618477486162	1618477486178	112	-62
1618477486256	1618477486272	108	-69
1618477486350	1618477486366	117	-63
1618477486444	1618477486460	114	-63
1618477486538	1618477486554	116	-67
1618477486632	1618477486644	115	-65
1618477486730	1618477486738	117	-62
1618477486824	1618477486832	118	-59
1618477486918	1618477486926	118	-62
1618477487012	1618477487020	117	-59
1618477487106	1618477487114	118	-60
1618477487200	1618477487208	121	-60
1618477487294	1618477487302	122	-56
1618477487388	1618477487396	120	-60
1618477487482	1618477487490	124	-53
1618477487576	1618477487584	122	-61
1618477487670	1618477487678	121	-58
1618477487764	1618477487772	127	-62
1618477487858	1618477487865	120	-58
1618477487949	1618477487959	122	-54
1618477488043	1618477488053	117	-53
1618477488137	1618477488147	123	-48
1618477488231	1618477488241	120	-54
1618477488325	1618477488335	118	-50
1618477488419	1618477488429	117	-52
1618477488513	1618477488523	122	-49
1618477488607	1618477488617	119	-46
1618477488701	1618477488711	116	-40
1618477488795	1618477488805	120	-33
1618477488889	1618477488899	117	-33
1618477488983	1618477488993	118	-31
1618477489077	1618477489083	119	-30
1618477489168	1618477489177	117	-31
1618477489262	1618477489271	119	-33
1618477489356	1618477489365	120	-28
1618477489450	1618477489459	120	-31
1618477489544	1618477489553	119	-30
1618477489638	1618477489647	118	-31
1618477489732	1618477489741	116	-20
1618477489826	1618477489835	118	-22
1618477489920	1618477489929	122	-8
1618477490014	1618477490023	120	-1
1618477490108	1618477490117	125	-1
1618477490202	1618477490211	124	-2
1618477490296	1618477490304	123	2
1618477490385	1618477490398	122	4
1618477490479	1618477490492	128	4
1618477490573	1618477490586	129	8
1618477490667	1618477490680	123	11
1618477490761	1618477490774	131	10
1618477490855	1618477490868	132	6
1618477490949	1618477490962	130	2
1618477491043	1618477491056	128	6
1618477491137	1618477491150	131	7
1618477491231	1618477491244	123	6
1618477491325	1618477491338	126	5
1618477491419	1618477491432	123	16
1618477491513	1618477491521	124	12
1618477491605	1618477491615	121	20
1618477491699	1618477491709	115	16
1618477491793	1618477491803	119	18
1618477491887	1618477491897	116	21
1618477491981	1618477491991	115	23
1618477492075	1618477492085	119	18
1618477492169	1618477492179	115	17
1618477492263	1618477492273	111	22
1618477492357	1618477492367	113	11
1618477492451	1618477492461	113	10
1618477492545	1618477492555	114	16
1618477492639	1618477492649	112	17
1618477492733	1618477492739	110	13
1618477492823	1618477492833	110	16
1618477492917	1618477492927	107	17
1618477493011	1618477493021	105	21
1618477493105	1618477493115	105	18
1618477493199	1618477493209	101	13
1618477493293	1618477493303	102	17
1618477493387	1618477493397	103	18
1618477493481	1618477493491	97	16
1618477493575	1618477493585	96	14
1618477493669	1618477493679	99	16
1618477493763	1618477493773	94	13
1618477493857	1618477493867	95	5
1618477493951	1618477493958	91	8
1618477494040	1618477494052	81	5
1618477494134	1618477494146	80	1
1618477494228	1618477494240	75	-3
1618477494322	1618477494334	63	-4
1618477494416	1618477494428	57	-3
1618477494510	1618477494522	54	-8
1618477494604	1618477494616	47	-6
1618477494698	1618477494710	43	-7
1618477494792	1618477494804	35	-8
1618477494886	1618477494898	36	-6
1618477494980	1618477494992	39	-6
1618477495074	1618477495086	61	-8
1618477495168	1618477495179	77	-12
1618477495260	1618477495273	80	-10
1618477495354	1618477495367	74	-7
1618477495448	1618477495461	68	-2
1618477495542	1618477495555	65	-5
1618477495636	1618477495649	63	-4
1618477495730	1618477495743	61	-1
1618477495824	1618477495837	57	1
1618477495918	1618477495931	49	5
1618477496012	1618477496025	36	4
1618477496106	1618477496119	29	4
1618477496200	1618477496213	14	3
1618477496294	1618477496307	5	4
1618477496388	1618477496395	3	8
1618477496480	1618477496489	0	3
1618477496574	1618477496583	-4	3
1618477496668	1618477496677	-21	3
1618477496762	1618477496771	-32	4
1618477496856	1618477496865	-36	1
1618477496950	1618477496959	-31	-3
1618477497044	1618477497053	-25	-5
1618477497138	1618477497147	-16	-2
1618477497232	1618477497241	-6	-8
1618477497326	1618477497335	15	-15
1618477497420	1618477497429	26	-16
1618477497514	1618477497523	40	-18
1618477497608	1618477497615	50	-19
1618477497699	1618477497709	61	-17
1618477497793	1618477497803	61	-7
1618477497887	1618477497897	67	-11
1618477497981	1618477497991	67	-6
1618477498075	1618477498085	69	-3
1618477498169	1618477498179	71	0
1618477498263	1618477498273	71	-3
1618477498357	1618477498367	73	-51
1618477498451	1618477498461	70	-52
1618477498545	1618477498555	68	-60
1618477498639	1618477498649	69	-60
1618477498733	1618477498743	67	-57
1618477498827	1618477498832	64	-63
1618477498920	1618477498927	65	-76
1618477499013	1618477499022	66	-80
1618477499106	1618477499117	64	-94
1618477499199	1618477499212	58	-110
1618477499292	1618477499307	57	-122
1618477499385	1618477499402	56	-123
1618477499478	1618477499497	56	-140
1618477499571	1618477499592	50	-143
1618477499664	1618477499687	51	-129
1618477499757	1618477499782	52	-99
1618477499850	1618477499877	53	-87
1618477499943	1618477499972	53	-77
1618477500036	1618477500063	54	-62
1618477500135	1618477500156	49	-55
1618477500229	1618477500249	57	-47
1618477500323	1618477500342	56	-46
1618477500417	1618477500435	52	-37
1618477500511	1618477500528	59	-37
1618477500605	1618477500621	64	-38
1618477500699	1618477500714	61	-37
1618477500793	1618477500807	63	-38
1618477500887	1618477500900	61	-42
1618477500981	1618477500993	62	-43
1618477501075	1618477501086	66	-44
1618477501169	1618477501179	64	-43
1618477501263	1618477501278	62	-44
1618477501353	1618477501372	61	-45
1618477501447	1618477501466	57	-41
1618477501541	1618477501560	57	-44
1618477501635	1618477501654	62	-38
1618477501729	1618477501748	66	-44
1618477501823	1618477501842	65	-41
1618477501917	1618477501936	63	-46
1618477502011	1618477502030	59	-43
1618477502105	1618477502124	61	-43
1618477502199	1618477502218	56	-46
1618477502293	1618477502312	58	-45
1618477502387	1618477502406	57	-45
1618477502481	1618477502499	58	-43
1618477502572	1618477502593	58	-46
1618477502666	1618477502687	54	-43
1618477502760	1618477502781	58	-50
1618477502854	1618477502875	61	-43
1618477502948	1618477502969	62	-45
1618477503042	1618477503063	61	-45
1618477503136	1618477503157	59	-45
1618477503230	1618477503251	62	-37
1618477503324	1618477503345	57	-44
1618477503418	1618477503439	59	-46
1618477503512	1618477503533	59	-46
1618477503606	1618477503627	57	-36
1618477503700	1618477503716	59	-31
1618477503791	1618477503811	58	-26
1618477503885	1618477503906	57	-25
1618477503979	1618477504001	55	-24
1618477504073	1618477504096	65	-24
1618477504167	1618477504191	58	-23
1618477504261	1618477504286	58	-20
1618477504355	1618477504381	60	-18
1618477504449	1618477504476	56	-16
1618477504543	1618477504571	59	-16
1618477504637	1618477504666	62	-14
1618477504731	1618477504761	60	-12
1618477504825	1618477504856	61	-15
1618477504919	1618477504950	61	-12
1618477505019	1618477505044	59	-12
1618477505113	1618477505138	64	-13
1618477505207	1618477505232	61	-14
1618477505301	1618477505326	60	-14
1618477505395	1618477505420	57	-14
1618477505489	1618477505514	55	-14
1618477505583	1618477505608	58	-12
1618477505677	1618477505702	55	-7
1618477505771	1618477505796	56	-10
1618477505865	1618477505890	53	-9
1618477505959	1618477505984	58	-14
1618477506053	1618477506078	54	-13
1618477506147	1618477506170	53	-16
1618477506236	1618477506265	49	-17
1618477506329	1618477506360	53	-15
1618477506422	1618477506455	45	-18
1618477506515	1618477506550	52	-21
1618477506608	1618477506645	42	-27
1618477506701	1618477506740	45	-26
1618477506794	1618477506835	45	-30
1618477506887	1618477506930	38	-29
1618477506980	1618477507025	44	-31
1618477507073	1618477507120	44	-36
1618477507166	1618477507215	43	-36
1618477507259	1618477507310	43	-35
1618477507352	1618477507405	42	-35
1618477507449	1618477507499	44	-41
1618477507543	1618477507593	42	-42
1618477507637	1618477507687	42	-48
1618477507731	1618477507781	42	-47
1618477507825	1618477507875	45	-47
1618477507919	1618477507969	48	-44
1618477508013	1618477508063	46	-41
1618477508107	1618477508157	41	-39
1618477508201	1618477508251	50	-41
1618477508295	1618477508345	52	-35
1618477508389	1618477508439	58	-36
1618477508483	1618477508533	59	-34
1618477508577	1618477508622	67	-40
1618477508668	1618477508716	68	-39
1618477508762	1618477508810	73	-39
1618477508856	1618477508904	76	-40
1618477508950	1618477508998	79	-45
1618477509044	1618477509092	83	-42
1618477509138	1618477509186	85	-46
1618477509232	1618477509280	86	-43
1618477509326	1618477509374	88	-46
1618477509420	1618477509468	91	-49
1618477509514	1618477509562	91	-53
1618477509608	1618477509656	92	-50
1618477509702	1618477509750	90	-61
1618477509796	1618477509840	95	-57
1618477509888	1618477509934	99	-64
1618477509982	1618477510028	97	-71
1618477510076	1618477510122	98	-71
1618477510170	1618477510216	96	-74
1618477510264	1618477510310	100	-78
1618477510358	1618477510404	100	-82
1618477510452	NaN	NaN	-86
