1618477728857	1618477728843	241	222
1618477728951	1618477728937	228	216
1618477729045	1618477729031	229	217
1618477729139	1618477729125	228	219
1618477729233	1618477729219	230	212
1618477729327	1618477729313	226	211
1618477729421	1618477729407	221	213
1618477729515	1618477729501	223	211
1618477729609	1618477729595	221	210
1618477729703	1618477729684	219	209
1618477729791	1618477729778	221	204
1618477729885	1618477729872	219	207
1618477729979	1618477729966	224	198
1618477730073	1618477730060	220	195
1618477730167	1618477730154	223	190
1618477730261	1618477730248	225	190
1618477730355	1618477730342	220	187
1618477730449	1618477730436	225	186
1618477730543	1618477730530	229	179
1618477730637	1618477730624	225	181
1618477730731	1618477730718	227	172
1618477730825	1618477730812	230	171
1618477730919	1618477730904	230	169
1618477731007	1618477730998	232	174
1618477731101	1618477731092	235	172
1618477731195	1618477731186	232	173
1618477731289	1618477731280	239	175
1618477731383	1618477731374	236	178
1618477731477	1618477731468	241	175
1618477731571	1618477731562	241	173
1618477731665	1618477731656	245	176
1618477731759	1618477731750	245	179
1618477731853	1618477731844	252	179
1618477731947	1618477731938	249	184
1618477732041	1618477732032	250	185
1618477732135	1618477732122	254	183
1618477732230	1618477732217	253	190
1618477732324	1618477732312	250	195
1618477732418	1618477732407	243	199
1618477732512	1618477732502	246	205
1618477732606	1618477732597	244	207
1618477732700	1618477732692	246	211
1618477732794	1618477732787	243	213
1618477732888	1618477732882	236	216
1618477732982	1618477732977	235	226
1618477733076	1618477733072	234	223
1618477733170	1618477733167	233	232
1618477733264	1618477733262	237	228
1618477733358	1618477733356	235	228
1618477733447	1618477733450	241	226
1618477733541	1618477733544	242	227
1618477733635	1618477733638	244	223
1618477733729	1618477733732	242	219
1618477733823	1618477733826	247	222
1618477733917	1618477733920	248	215
1618477734011	1618477734014	248	215
1618477734105	1618477734108	247	213
1618477734199	1618477734202	243	207
1618477734293	1618477734296	243	210
1618477734387	1618477734390	245	205
1618477734481	1618477734484	239	202
1618477734575	1618477734574	239	202
1618477734666	1618477734668	240	204
1618477734760	1618477734762	244	201
1618477734854	1618477734856	251	198
1618477734948	1618477734950	259	201
1618477735042	1618477735044	261	200
1618477735136	1618477735138	260	198
1618477735230	1618477735232	256	204
1618477735324	1618477735326	247	206
1618477735418	1618477735420	233	199
1618477735512	1618477735514	215	197
1618477735606	1618477735608	193	196
1618477735700	1618477735702	166	198
1618477735794	1618477735796	159	197
1618477735885	1618477735891	148	191
1618477735979	1618477735986	136	200
1618477736073	1618477736081	131	195
1618477736167	1618477736176	132	195
1618477736261	1618477736271	131	196
1618477736355	1618477736366	127	194
1618477736449	1618477736461	126	192
1618477736543	1618477736556	123	192
1618477736637	1618477736651	126	192
1618477736731	1618477736746	128	184
1618477736825	1618477736841	133	190
1618477736919	1618477736936	144	191
1618477737013	1618477737028	155	184
1618477737103	1618477737123	204	188
1618477737197	1618477737218	217	188
1618477737291	1618477737313	215	178
1618477737385	1618477737408	189	181
1618477737479	1618477737503	163	181
1618477737573	1618477737598	142	178
1618477737667	1618477737693	119	172
1618477737761	1618477737788	117	172
1618477737855	1618477737883	64	173
1618477737949	1618477737978	-110	170
1618477738043	1618477738073	-84	169
1618477738137	1618477738168	-56	172
1618477738231	1618477738263	3	175
1618477738331	1618477738357	88	182
1618477738424	1618477738451	143	183
1618477738517	1618477738545	231	181
1618477738610	1618477738639	247	179
1618477738703	1618477738733	183	181
1618477738796	1618477738827	188	181
1618477738889	1618477738921	199	175
1618477738982	1618477739015	43	174
1618477739075	1618477739109	9	169
1618477739168	1618477739203	121	166
1618477739261	1618477739297	184	166
1618477739354	1618477739391	141	165
1618477739447	1618477739483	139	167
1618477739539	1618477739577	73	169
1618477739633	1618477739671	84	163
1618477739727	1618477739765	117	158
1618477739821	1618477739859	142	165
1618477739915	1618477739953	163	176
1618477740009	1618477740047	186	200
1618477740103	1618477740141	200	269
1618477740197	1618477740235	212	271
1618477740291	1618477740329	210	249
1618477740385	1618477740423	217	88
1618477740479	1618477740517	218	-6
1618477740573	1618477740611	208	91
1618477740667	1618477740700	211	130
1618477740766	1618477740794	210	219
1618477740860	1618477740888	210	243
1618477740954	1618477740982	201	318
1618477741048	1618477741076	200	36
1618477741142	1618477741170	213	-8
1618477741236	1618477741264	220	251
1618477741330	1618477741358	223	184
1618477741424	1618477741452	220	127
1618477741518	1618477741546	213	123
1618477741612	1618477741640	204	128
1618477741706	1618477741734	199	131
1618477741800	1618477741828	190	133
1618477741894	1618477741919	185	135
1618477741985	1618477742013	178	138
1618477742079	1618477742107	175	137
1618477742173	1618477742201	169	144
1618477742267	1618477742295	171	149
1618477742361	1618477742389	168	140
1618477742455	1618477742483	167	146
1618477742549	1618477742577	166	145
1618477742643	1618477742671	160	139
1618477742737	1618477742765	148	137
1618477742831	1618477742859	141	133
1618477742925	1618477742953	136	142
1618477743019	1618477743047	137	142
1618477743113	1618477743139	134	145
1618477743206	1618477743233	129	152
1618477743300	1618477743327	123	157
1618477743394	1618477743421	121	158
1618477743488	1618477743515	122	161
1618477743582	1618477743609	127	165
1618477743676	1618477743703	125	162
1618477743770	1618477743797	120	160
1618477743864	1618477743891	128	158
1618477743958	1618477743985	130	165
1618477744052	1618477744079	134	169
1618477744146	1618477744173	133	173
1618477744240	1618477744267	138	173
1618477744334	1618477744357	140	176
1618477744433	1618477744451	144	173
1618477744527	1618477744545	144	175
1618477744621	1618477744639	149	170
1618477744715	1618477744733	148	167
1618477744809	1618477744827	145	175
1618477744903	1618477744921	146	173
1618477744997	1618477745015	140	175
1618477745091	1618477745109	133	178
1618477745185	1618477745203	135	176
1618477745279	1618477745297	136	177
1618477745373	1618477745391	135	173
1618477745467	1618477745485	132	173
1618477745561	1618477745577	121	179
1618477745651	1618477745671	120	184
1618477745746	1618477745765	115	188
1618477745841	1618477745859	118	184
1618477745936	1618477745953	120	186
1618477746031	1618477746047	114	183
1618477746126	1618477746141	113	179
1618477746221	1618477746235	120	173
1618477746316	1618477746329	125	163
1618477746411	1618477746423	129	165
1618477746506	1618477746517	127	160
1618477746601	1618477746611	136	157
1618477746696	1618477746705	130	154
1618477746791	1618477746794	133	155
1618477746885	1618477746888	139	146
1618477746979	1618477746982	138	146
1618477747073	1618477747076	139	146
1618477747167	1618477747170	140	141
1618477747261	1618477747264	143	137
1618477747355	1618477747358	145	138
1618477747449	1618477747452	157	127
1618477747543	1618477747546	158	130
1618477747637	1618477747640	160	128
1618477747731	1618477747734	157	124
1618477747825	1618477747828	164	116
1618477747919	1618477747922	169	117
1618477748013	1618477748014	179	114
1618477748102	1618477748108	182	110
1618477748196	1618477748202	181	113
1618477748290	1618477748296	181	107
1618477748384	1618477748390	189	103
