1618476822779	1618476822712	592	561
1618476822873	1618476822806	596	562
1618476822967	1618476822900	601	570
1618476823061	1618476822994	605	576
1618476823155	1618476823088	607	581
1618476823249	1618476823182	604	578
1618476823341	1618476823274	599	579
1618476823436	1618476823368	605	577
1618476823531	1618476823462	604	573
1618476823626	1618476823556	610	567
1618476823721	1618476823650	611	568
1618476823816	1618476823744	621	560
1618476823911	1618476823838	620	556
1618476824006	1618476823932	624	550
1618476824101	1618476824026	624	546
1618476824196	1618476824120	631	544
1618476824291	1618476824214	630	542
1618476824386	1618476824308	629	540
1618476824481	1618476824402	632	543
1618476824580	1618476824491	640	540
1618476824674	1618476824585	636	547
1618476824768	1618476824679	632	547
1618476824862	1618476824773	630	544
1618476824956	1618476824867	627	550
1618476825050	1618476824961	629	550
1618476825144	1618476825055	626	553
1618476825238	1618476825149	625	552
1618476825332	1618476825243	629	557
1618476825426	1618476825337	630	556
1618476825520	1618476825431	632	559
1618476825614	1618476825525	632	567
1618476825708	1618476825619	640	565
1618476825796	1618476825711	645	560
1618476825890	1618476825805	653	561
1618476825984	1618476825899	651	558
1618476826078	1618476825993	655	553
1618476826172	1618476826087	661	553
1618476826266	1618476826181	661	558
1618476826360	1618476826275	671	556
1618476826454	1618476826369	675	553
1618476826548	1618476826463	680	558
1618476826642	1618476826557	687	557
1618476826736	1618476826651	685	558
1618476826830	1618476826745	690	559
1618476826924	1618476826839	698	557
1618476827016	1618476826930	702	561
1618476827110	1618476827024	703	568
1618476827204	1618476827118	703	565
1618476827298	1618476827212	710	560
1618476827392	1618476827306	707	552
1618476827486	1618476827400	714	555
1618476827580	1618476827494	710	551
1618476827674	1618476827588	708	546
1618476827768	1618476827682	713	541
1618476827862	1618476827776	718	543
1618476827956	1618476827870	719	536
1618476828050	1618476827964	720	537
1618476828144	1618476828058	722	530
1618476828236	1618476828158	724	530
1618476828330	1618476828253	731	529
1618476828424	1618476828348	732	531
1618476828518	1618476828443	731	527
1618476828612	1618476828538	731	526
1618476828706	1618476828633	726	522
1618476828800	1618476828728	725	524
1618476828894	1618476828823	723	524
1618476828988	1618476828918	726	520
1618476829082	1618476829013	726	526
1618476829176	1618476829108	728	519
1618476829270	1618476829203	728	521
1618476829364	1618476829298	735	517
1618476829456	1618476829390	737	520
1618476829550	1618476829484	745	519
1618476829644	1618476829578	744	519
1618476829738	1618476829672	746	514
1618476829832	1618476829766	743	516
1618476829926	1618476829860	749	514
1618476830020	1618476829954	747	513
1618476830114	1618476830048	746	514
1618476830208	1618476830142	745	515
1618476830302	1618476830236	742	510
1618476830396	1618476830330	746	512
1618476830490	1618476830424	747	509
1618476830584	1618476830518	749	507
1618476830675	1618476830610	753	508
1618476830770	1618476830704	754	506
1618476830865	1618476830798	758	504
1618476830960	1618476830892	758	506
1618476831055	1618476830986	753	508
1618476831150	1618476831080	754	511
1618476831245	1618476831174	749	512
1618476831340	1618476831268	741	524
1618476831435	1618476831362	738	528
1618476831530	1618476831456	733	543
1618476831625	1618476831550	731	575
1618476831720	1618476831644	726	587
1618476831815	1618476831738	725	543
1618476831909	1618476831829	724	443
1618476832003	1618476831924	726	467
1618476832097	1618476832019	719	502
1618476832191	1618476832114	720	556
1618476832285	1618476832209	722	552
1618476832379	1618476832304	726	490
1618476832473	1618476832399	730	475
1618476832567	1618476832494	763	526
1618476832661	1618476832589	784	547
1618476832755	1618476832684	806	553
1618476832849	1618476832779	737	560
1618476832943	1618476832874	611	561
1618476833037	1618476832969	680	565
1618476833129	1618476833062	733	568
1618476833223	1618476833156	693	577
1618476833317	1618476833250	689	583
1618476833411	1618476833344	645	586
1618476833505	1618476833438	682	584
1618476833599	1618476833532	697	594
1618476833693	1618476833626	701	589
1618476833787	1618476833720	701	593
1618476833881	1618476833814	703	596
1618476833975	1618476833908	703	596
1618476834069	1618476834002	700	596
1618476834163	1618476834096	704	593
1618476834257	1618476834190	694	598
1618476834349	1618476834283	699	598
1618476834443	1618476834377	700	600
1618476834537	1618476834471	706	595
1618476834631	1618476834565	708	594
1618476834725	1618476834659	712	590
1618476834819	1618476834753	714	590
1618476834913	1618476834847	715	580
1618476835007	1618476834941	718	586
1618476835101	1618476835035	723	579
1618476835195	1618476835129	724	583
1618476835289	1618476835223	720	584
1618476835383	1618476835317	715	579
1618476835477	1618476835411	703	577
1618476835571	1618476835499	695	574
1618476835665	1618476835593	685	568
1618476835759	1618476835687	677	563
1618476835853	1618476835781	667	555
1618476835947	1618476835875	661	544
1618476836041	1618476835969	655	538
1618476836135	1618476836063	651	532
1618476836229	1618476836157	649	522
1618476836323	1618476836251	652	519
1618476836417	1618476836345	643	512
1618476836511	1618476836439	648	509
1618476836605	1618476836533	644	510
1618476836699	1618476836627	645	506
1618476836788	1618476836720	640	507
1618476836882	1618476836814	642	506
1618476836976	1618476836908	648	509
1618476837070	1618476837002	647	507
1618476837164	1618476837096	647	504
1618476837258	1618476837190	662	502
1618476837352	1618476837284	663	502
1618476837446	1618476837378	671	504
1618476837540	1618476837472	674	499
1618476837634	1618476837566	679	498
1618476837728	1618476837660	684	496
1618476837822	1618476837754	686	500
1618476837916	1618476837848	689	495
1618476838009	1618476837938	693	494
1618476838103	1618476838032	695	494
1618476838197	1618476838126	697	498
1618476838291	1618476838220	697	494
1618476838385	1618476838314	698	493
1618476838479	1618476838408	693	493
1618476838573	1618476838502	695	496
1618476838667	1618476838596	691	493
1618476838761	1618476838690	695	498
1618476838855	1618476838784	692	500
1618476838949	1618476838878	690	504
1618476839043	1618476838972	686	503
1618476839137	1618476839066	682	506
1618476839228	1618476839156	677	504
1618476839322	1618476839250	679	499
1618476839416	1618476839344	674	500
1618476839510	1618476839438	677	504
1618476839604	1618476839532	677	499
1618476839698	1618476839626	680	494
1618476839792	1618476839720	683	493
1618476839886	1618476839814	685	497
1618476839980	1618476839908	688	495
1618476840074	1618476840002	687	495
1618476840168	1618476840096	686	498
1618476840262	1618476840190	690	497
1618476840356	1618476840284	684	500
1618476840445	1618476840377	678	500
1618476840539	1618476840471	676	508
1618476840633	1618476840565	667	513
1618476840727	1618476840659	657	519
1618476840821	1618476840753	648	519
NaN	1618476840847	638	NaN
