1618477392119	1618477392193	-22	-66
1618477392214	1618477392287	-22	-70
1618477392309	1618477392381	-22	-63
1618477392404	1618477392470	-22	-64
1618477392499	1618477392564	-21	-64
1618477392593	1618477392658	-24	-63
1618477392687	1618477392752	-24	-56
1618477392781	1618477392846	-25	-58
1618477392875	1618477392940	-22	-57
1618477392969	1618477393034	-20	-59
1618477393063	1618477393128	-23	-61
1618477393157	1618477393222	-27	-61
1618477393251	1618477393316	-21	-55
1618477393345	1618477393410	-22	-49
1618477393439	1618477393504	-22	-53
1618477393533	1618477393598	-17	-48
1618477393627	1618477393689	-17	-51
1618477393721	1618477393783	-17	-54
1618477393812	1618477393877	-17	-53
1618477393906	1618477393971	-19	-58
1618477394000	1618477394065	-13	-53
1618477394094	1618477394159	-13	-53
1618477394188	1618477394253	-16	-52
1618477394282	1618477394347	-17	-56
1618477394376	1618477394441	-19	-50
1618477394470	1618477394535	-17	-49
1618477394564	1618477394629	-17	-49
1618477394658	1618477394723	-18	-50
1618477394752	1618477394817	-18	-47
1618477394846	1618477394908	-17	-50
1618477394940	1618477395002	-22	-47
1618477395030	1618477395096	-15	-47
1618477395124	1618477395190	-18	-42
1618477395218	1618477395284	-16	-45
1618477395312	1618477395378	-17	-45
1618477395406	1618477395472	-17	-44
1618477395500	1618477395566	-15	-41
1618477395594	1618477395660	-15	-46
1618477395688	1618477395754	-15	-40
1618477395782	1618477395848	-16	-42
1618477395876	1618477395942	-11	-47
1618477395970	1618477396036	-14	-43
1618477396064	1618477396128	-12	-42
1618477396158	1618477396222	-13	-41
1618477396249	1618477396316	-13	-39
1618477396344	1618477396410	-6	-40
1618477396439	1618477396504	-9	-31
1618477396534	1618477396598	-8	-24
1618477396629	1618477396692	-9	-26
1618477396724	1618477396786	-9	-34
1618477396819	1618477396880	-8	-41
1618477396914	1618477396974	-8	-47
1618477397009	1618477397068	-7	-50
1618477397104	1618477397162	-3	-47
1618477397199	1618477397256	-1	-42
1618477397294	1618477397347	-3	-43
1618477397389	1618477397443	-3	-45
1618477397483	1618477397539	-4	-47
1618477397577	1618477397635	-4	-50
1618477397671	1618477397731	1	-51
1618477397765	1618477397827	-2	-51
1618477397859	1618477397923	-2	-45
1618477397953	1618477398019	-3	-43
1618477398047	1618477398115	-2	-52
1618477398141	1618477398211	-3	-48
1618477398235	1618477398307	0	-47
1618477398329	1618477398403	3	-47
1618477398423	1618477398499	2	-45
1618477398517	1618477398597	2	-42
1618477398611	1618477398691	0	-42
1618477398702	1618477398785	0	-43
1618477398796	1618477398879	0	-44
1618477398890	1618477398973	6	-41
1618477398984	1618477399067	5	-40
1618477399078	1618477399161	3	-39
1618477399172	1618477399255	0	-38
1618477399266	1618477399349	3	-36
1618477399360	1618477399443	7	-39
1618477399454	1618477399537	5	-39
1618477399548	1618477399631	-1	-42
1618477399642	1618477399725	5	-49
1618477399736	1618477399813	6	-62
1618477399830	1618477399907	13	-67
1618477399921	1618477400001	7	-73
1618477400015	1618477400095	7	-82
1618477400109	1618477400189	7	-88
1618477400203	1618477400283	9	-90
1618477400297	1618477400377	8	-91
1618477400391	1618477400471	8	-86
1618477400485	1618477400565	4	-86
1618477400579	1618477400659	9	-86
1618477400673	1618477400753	9	-87
1618477400767	1618477400847	8	-87
1618477400861	1618477400941	8	-83
1618477400955	1618477401032	8	-80
1618477401049	1618477401126	4	-75
1618477401144	1618477401220	3	-46
1618477401238	1618477401314	3	-54
1618477401332	1618477401408	11	-24
1618477401426	1618477401502	4	-56
1618477401520	1618477401596	-2	-31
1618477401614	1618477401690	-3	105
1618477401708	1618477401784	-2	140
1618477401802	1618477401878	-4	23
1618477401896	1618477401972	-2	-109
1618477401990	1618477402066	-4	-164
1618477402084	1618477402160	-5	-134
1618477402178	1618477402253	-9	-135
1618477402272	1618477402347	-12	-97
1618477402361	1618477402441	-9	-2
1618477402455	1618477402535	-16	141
1618477402549	1618477402629	-15	299
1618477402643	1618477402723	-12	206
1618477402737	1618477402817	-17	177
1618477402831	1618477402911	-20	77
1618477402925	1618477403005	-19	42
1618477403019	1618477403099	-23	21
1618477403113	1618477403193	-22	-14
1618477403207	1618477403287	-5	-44
1618477403301	1618477403381	27	-63
1618477403395	1618477403469	114	-73
1618477403489	1618477403563	100	-77
1618477403580	1618477403657	-2	-78
1618477403674	1618477403751	57	-85
1618477403768	1618477403845	110	-80
1618477403862	1618477403939	36	-83
1618477403956	1618477404033	-38	-84
1618477404050	1618477404127	-65	-78
1618477404144	1618477404221	-45	-82
1618477404238	1618477404315	-31	-84
1618477404332	1618477404409	41	-85
1618477404426	1618477404503	96	-89
1618477404520	1618477404597	268	-85
1618477404614	1618477404690	289	-82
1618477404708	1618477404784	216	-84
1618477404798	1618477404878	192	-86
1618477404892	1618477404972	102	-89
1618477404986	1618477405066	82	-86
1618477405080	1618477405160	50	-86
1618477405174	1618477405254	20	-89
1618477405268	1618477405348	6	-84
1618477405362	1618477405442	-7	-87
1618477405456	1618477405536	-12	-88
1618477405550	1618477405630	-15	-87
1618477405644	1618477405724	-17	-85
1618477405738	1618477405818	-20	-87
1618477405832	1618477405911	-23	-85
1618477405926	1618477406005	-19	-89
1618477406016	1618477406099	-16	-84
1618477406110	1618477406193	-16	-86
1618477406204	1618477406287	-18	-87
1618477406298	1618477406381	-13	-92
1618477406392	1618477406475	-17	-88
1618477406486	1618477406569	-17	-86
1618477406580	1618477406663	-15	-88
1618477406674	1618477406757	-13	-85
1618477406768	1618477406851	-10	-87
1618477406862	1618477406945	-10	-87
1618477406956	1618477407039	-14	-91
1618477407050	1618477407128	-12	-91
1618477407144	1618477407222	-7	-85
1618477407235	1618477407316	-6	-82
1618477407329	1618477407410	-9	-83
1618477407423	1618477407504	-11	-89
1618477407517	1618477407598	-6	-89
1618477407611	1618477407692	-7	-81
1618477407705	1618477407786	-9	-85
1618477407799	1618477407880	-5	-83
1618477407893	1618477407974	-4	-80
1618477407987	1618477408068	-6	-78
1618477408081	1618477408162	-5	-82
1618477408175	1618477408256	-4	-81
1618477408269	1618477408354	0	-78
1618477408363	1618477408448	4	-77
1618477408454	1618477408542	0	-74
1618477408548	1618477408636	-2	-73
1618477408642	1618477408730	2	-74
1618477408736	1618477408824	-1	-74
1618477408830	1618477408918	7	-76
1618477408924	1618477409012	1	-78
1618477409018	1618477409106	5	-71
1618477409112	1618477409200	3	-70
1618477409206	1618477409294	5	-63
1618477409300	1618477409388	6	-58
1618477409394	1618477409482	3	-61
1618477409488	1618477409573	7	-58
1618477409582	1618477409667	6	-54
1618477409671	1618477409761	2	-55
1618477409765	1618477409855	5	-52
1618477409859	1618477409949	8	-50
1618477409953	1618477410043	7	-49
1618477410047	1618477410137	10	-55
1618477410141	1618477410231	9	-53
1618477410235	1618477410325	8	-54
1618477410329	1618477410419	13	-51
1618477410423	1618477410513	10	-58
1618477410517	1618477410607	12	-55
1618477410611	1618477410701	9	-58
1618477410705	1618477410791	11	-60
1618477410799	1618477410885	11	-61
1618477410890	1618477410979	8	-65
1618477410984	1618477411073	12	-62
1618477411078	1618477411167	10	-64
1618477411172	1618477411261	15	-61
1618477411266	1618477411355	17	-60
1618477411360	1618477411449	18	-56
1618477411454	1618477411543	14	-64
1618477411548	1618477411637	12	-71
1618477411642	1618477411731	15	-66
1618477411736	1618477411825	15	-62
1618477411830	1618477411919	15	-57
1618477411924	1618477412009	14	-62
1618477412018	1618477412103	11	-65
1618477412111	1618477412197	11	-66
1618477412205	1618477412291	18	-61
1618477412299	1618477412385	13	-65
1618477412393	1618477412479	15	-57
1618477412487	1618477412573	15	-59
1618477412581	1618477412667	15	-57
1618477412675	1618477412761	16	-59
1618477412769	1618477412855	15	-59
1618477412863	1618477412949	13	-57
1618477412957	1618477413043	14	-57
1618477413051	1618477413137	15	-59
1618477413145	1618477413232	15	-58
1618477413239	1618477413325	16	-62
1618477413330	1618477413418	16	-63
1618477413424	1618477413511	17	-63
1618477413518	1618477413604	13	-61
1618477413612	1618477413697	12	-62
1618477413706	1618477413790	18	-62
1618477413800	1618477413883	17	-64
1618477413894	1618477413976	16	-64
1618477413988	1618477414069	17	-61
1618477414082	1618477414162	11	-62
1618477414176	1618477414255	11	-61
1618477414270	1618477414348	11	-61
1618477414364	1618477414447	11	-60
1618477414458	1618477414542	9	-58
1618477414546	1618477414637	6	-56
1618477414640	1618477414732	9	-60
1618477414734	1618477414827	10	-56
1618477414828	1618477414922	9	-62
1618477414922	1618477415017	7	-59
1618477415016	1618477415112	3	-53
1618477415110	1618477415207	5	-64
1618477415204	1618477415302	4	-61
1618477415298	NaN	8	NaN
