1610678855767	1610678855780	444	481
1610678855858	1610678855872	439	482
1610678855949	1610678855964	441	484
1610678856040	1610678856056	447	483
1610678856131	1610678856148	443	482
1610678856222	1610678856240	450	479
1610678856313	1610678856332	445	485
1610678856404	1610678856423	451	479
1610678856495	1610678856517	444	476
1610678856580	1610678856611	449	479
1610678856675	1610678856705	449	477
1610678856770	1610678856799	449	477
1610678856865	1610678856893	452	476
1610678856960	1610678856987	454	471
1610678857055	1610678857081	456	471
1610678857150	1610678857175	460	472
1610678857245	1610678857269	464	467
1610678857340	1610678857363	465	463
1610678857435	1610678857457	472	454
1610678857530	1610678857551	479	450
1610678857625	1610678857641	479	455
1610678857720	1610678857735	485	456
1610678857814	1610678857829	487	455
1610678857908	1610678857923	484	452
1610678858002	1610678858017	489	449
1610678858096	1610678858111	488	449
1610678858190	1610678858205	491	450
1610678858284	1610678858299	491	446
1610678858378	1610678858393	496	440
1610678858472	1610678858487	501	433
1610678858566	1610678858581	504	426
1610678858660	1610678858675	504	428
1610678858754	1610678858769	507	425
1610678858848	1610678858859	511	430
1610678858942	1610678858953	516	432
1610678859031	1610678859047	518	439
1610678859126	1610678859141	518	435
1610678859221	1610678859235	522	435
1610678859316	1610678859329	519	441
1610678859411	1610678859423	521	441
1610678859506	1610678859517	521	442
1610678859601	1610678859611	519	443
1610678859696	1610678859705	515	448
1610678859791	1610678859799	517	448
1610678859886	1610678859893	518	450
1610678859981	1610678859987	517	455
1610678860076	1610678860079	519	454
1610678860171	1610678860173	515	454
1610678860270	1610678860267	514	454
1610678860364	1610678860361	513	454
1610678860458	1610678860455	513	456
1610678860552	1610678860549	510	455
1610678860646	1610678860643	509	455
1610678860740	1610678860737	511	458
1610678860834	1610678860831	510	457
1610678860928	1610678860925	501	453
1610678861022	1610678861019	502	457
1610678861116	1610678861113	500	460
1610678861210	1610678861207	495	461
1610678861304	1610678861300	498	463
1610678861398	1610678861394	487	463
1610678861488	1610678861488	474	469
1610678861582	1610678861582	475	473
1610678861676	1610678861676	469	473
1610678861770	1610678861770	462	473
1610678861864	1610678861864	460	472
1610678861958	1610678861958	456	475
1610678862052	1610678862052	452	480
1610678862146	1610678862146	451	489
1610678862240	1610678862240	444	489
1610678862334	1610678862334	449	492
1610678862428	1610678862428	443	500
1610678862522	1610678862521	443	500
1610678862616	1610678862615	438	503
1610678862706	1610678862709	436	506
1610678862800	1610678862803	436	505
1610678862894	1610678862897	433	505
1610678862988	1610678862991	437	506
1610678863082	1610678863085	434	501
1610678863176	1610678863179	431	505
1610678863270	1610678863273	430	497
1610678863364	1610678863367	430	496
1610678863458	1610678863461	432	491
1610678863552	1610678863555	427	491
1610678863646	1610678863649	429	485
1610678863740	1610678863737	425	475
1610678863834	1610678863832	423	474
1610678863924	1610678863927	421	475
1610678864018	1610678864022	421	473
1610678864112	1610678864117	418	468
1610678864206	1610678864212	415	469
1610678864300	1610678864307	416	465
1610678864394	1610678864402	410	459
1610678864488	1610678864497	243	461
1610678864582	1610678864592	153	463
1610678864676	1610678864687	370	453
1610678864770	1610678864782	476	457
1610678864864	1610678864877	458	453
1610678864958	1610678864971	548	454
1610678865052	1610678865065	480	452
1610678865144	1610678865159	370	444
1610678865238	1610678865253	385	447
1610678865332	1610678865347	517	450
1610678865426	1610678865441	585	447
1610678865520	1610678865535	557	445
1610678865614	1610678865629	498	442
1610678865708	1610678865723	461	435
1610678865802	1610678865817	452	428
1610678865896	1610678865911	449	388
1610678865990	1610678866005	447	137
1610678866084	1610678866099	445	447
1610678866178	1610678866191	445	443
1610678866272	1610678866285	451	502
1610678866361	1610678866379	453	491
1610678866455	1610678866473	454	425
1610678866549	1610678866567	456	380
1610678866643	1610678866661	457	403
1610678866737	1610678866755	464	550
1610678866831	1610678866849	468	583
1610678866925	1610678866943	466	504
1610678867019	1610678867037	470	465
1610678867113	1610678867131	465	450
1610678867207	1610678867225	468	448
1610678867301	1610678867319	464	443
1610678867395	1610678867408	471	432
1610678867489	1610678867503	473	434
1610678867582	1610678867598	471	429
1610678867677	1610678867693	471	431
1610678867772	1610678867788	476	432
1610678867867	1610678867883	473	435
1610678867962	1610678867978	474	435
1610678868057	1610678868073	475	433
1610678868152	1610678868168	476	436
1610678868247	1610678868263	472	436
1610678868342	1610678868358	476	428
1610678868437	1610678868453	477	435
1610678868532	1610678868548	483	436
1610678868627	1610678868644	486	438
1610678868722	1610678868739	487	444
1610678868814	1610678868834	485	445
1610678868908	1610678868929	485	449
1610678869002	1610678869024	497	454
1610678869096	1610678869119	499	446
1610678869190	1610678869214	495	447
1610678869284	1610678869309	497	451
1610678869378	1610678869404	497	449
1610678869472	1610678869499	497	450
1610678869566	1610678869594	500	450
1610678869660	1610678869689	503	449
1610678869754	1610678869784	503	451
1610678869848	1610678869877	508	448
1610678869942	1610678869971	511	447
1610678870037	1610678870065	514	450
1610678870132	1610678870159	522	450
1610678870227	1610678870253	521	451
1610678870322	1610678870347	525	455
1610678870417	1610678870441	525	459
1610678870512	1610678870535	525	461
1610678870607	1610678870629	527	461
1610678870702	1610678870723	528	455
1610678870797	1610678870817	529	457
1610678870892	1610678870911	533	461
1610678870987	1610678871005	530	461
1610678871082	1610678871096	531	468
1610678871177	1610678871190	534	467
1610678871275	1610678871284	528	467
1610678871369	1610678871378	530	466
1610678871463	1610678871472	527	471
1610678871557	1610678871566	530	476
1610678871651	1610678871660	526	478
1610678871745	1610678871754	525	487
1610678871839	1610678871848	529	483
1610678871933	1610678871942	523	488
1610678872027	1610678872036	527	491
1610678872121	1610678872130	527	487
1610678872215	1610678872224	525	493
1610678872309	1610678872315	528	492
1610678872403	1610678872410	530	489
1610678872496	1610678872505	534	487
1610678872591	1610678872600	528	493
1610678872686	1610678872695	529	489
1610678872781	1610678872790	527	491
1610678872876	1610678872885	525	490
1610678872971	1610678872980	521	490
1610678873066	1610678873075	524	486
1610678873161	1610678873170	516	489
1610678873256	1610678873265	514	492
1610678873351	1610678873360	509	490
1610678873446	1610678873455	508	491
1610678873541	1610678873549	507	500
1610678873636	1610678873643	507	494
1610678873729	1610678873737	505	494
1610678873823	1610678873831	504	494
1610678873917	1610678873925	503	492
1610678874011	1610678874019	503	483
1610678874105	1610678874113	496	485
1610678874199	1610678874207	497	484
1610678874293	1610678874301	492	484
1610678874387	1610678874395	486	479
1610678874481	1610678874489	479	479
1610678874575	1610678874583	475	479
1610678874669	1610678874677	472	472
1610678874763	1610678874771	465	476
1610678874857	1610678874865	461	473
1610678874946	1610678874959	459	472
1610678875041	1610678875053	454	473
1610678875136	1610678875147	446	471
1610678875231	1610678875241	442	471
1610678875326	1610678875335	427	467
