1618477216246	1618477216248	-288	-380
1618477216340	1618477216342	-287	-378
1618477216434	1618477216436	-288	-379
1618477216528	1618477216532	-293	-386
1618477216619	1618477216625	-292	-385
1618477216714	1618477216718	-288	-386
1618477216809	1618477216811	-284	-389
1618477216904	1618477216904	-282	-392
1618477216999	1618477216997	-283	-402
1618477217094	1618477217090	-282	-408
1618477217189	1618477217183	-281	-409
1618477217284	1618477217276	-285	-414
1618477217379	1618477217369	-279	-421
1618477217474	1618477217462	-280	-416
1618477217569	1618477217555	-283	-424
1618477217664	1618477217648	-280	-423
1618477217759	1618477217746	-282	-425
1618477217853	1618477217840	-282	-425
1618477217947	1618477217934	-279	-442
1618477218041	1618477218028	-280	-435
1618477218135	1618477218122	-279	-441
1618477218229	1618477218216	-275	-444
1618477218323	1618477218310	-276	-445
1618477218417	1618477218404	-275	-449
1618477218511	1618477218498	-278	-452
1618477218605	1618477218592	-275	-458
1618477218699	1618477218686	-273	-461
1618477218793	1618477218780	-277	-466
1618477218887	1618477218874	-277	-468
1618477218981	1618477218964	-276	-468
1618477219072	1618477219058	-277	-468
1618477219166	1618477219152	-274	-463
1618477219260	1618477219246	-272	-461
1618477219354	1618477219340	-276	-460
1618477219448	1618477219434	-271	-460
1618477219542	1618477219528	-272	-457
1618477219636	1618477219622	-267	-449
1618477219730	1618477219716	-272	-447
1618477219824	1618477219810	-270	-436
1618477219918	1618477219904	-269	-436
1618477220012	1618477219998	-268	-432
1618477220106	1618477220092	-268	-427
1618477220200	1618477220184	-267	-426
1618477220292	1618477220278	-263	-424
1618477220386	1618477220372	-260	-418
1618477220480	1618477220466	-261	-412
1618477220574	1618477220560	-256	-412
1618477220668	1618477220654	-262	-405
1618477220762	1618477220748	-265	-399
1618477220856	1618477220842	-269	-384
1618477220950	1618477220936	-270	-378
1618477221044	1618477221030	-274	-370
1618477221138	1618477221124	-274	-364
1618477221232	1618477221218	-275	-351
1618477221326	1618477221312	-277	-348
1618477221420	1618477221402	-276	-340
1618477221509	1618477221496	-273	-335
1618477221603	1618477221590	-280	-332
1618477221697	1618477221684	-282	-331
1618477221791	1618477221778	-282	-331
1618477221885	1618477221872	-283	-329
1618477221979	1618477221966	-287	-328
1618477222073	1618477222060	-290	-324
1618477222167	1618477222154	-289	-327
1618477222261	1618477222248	-294	-326
1618477222355	1618477222342	-294	-328
1618477222449	1618477222436	-293	-328
1618477222543	1618477222530	-291	-329
1618477222637	1618477222621	-289	-330
1618477222731	1618477222715	-291	-331
1618477222825	1618477222809	-294	-340
1618477222919	1618477222903	-293	-324
1618477223013	1618477222997	-290	-313
1618477223107	1618477223091	-287	-293
1618477223201	1618477223185	-286	-380
1618477223295	1618477223279	-284	-382
1618477223389	1618477223373	-283	-240
1618477223483	1618477223467	-281	-198
1618477223577	1618477223561	-285	-235
1618477223671	1618477223655	-281	-309
1618477223765	1618477223749	-281	-316
1618477223859	1618477223842	-279	-358
1618477223949	1618477223936	-275	-394
1618477224043	1618477224030	-279	-439
1618477224137	1618477224124	-280	-345
1618477224231	1618477224218	-281	-328
1618477224325	1618477224312	-286	-263
1618477224419	1618477224406	-283	-246
1618477224513	1618477224500	-291	-230
1618477224607	1618477224594	-302	-227
1618477224701	1618477224688	-316	-248
1618477224795	1618477224782	-318	-257
1618477224889	1618477224876	-246	-263
1618477224983	1618477224970	-309	-271
1618477225077	1618477225058	-335	-272
1618477225168	1618477225152	-218	-276
1618477225262	1618477225246	-205	-284
1618477225356	1618477225340	-263	-278
1618477225450	1618477225434	-289	-286
1618477225544	1618477225528	-328	-287
1618477225638	1618477225622	-359	-294
1618477225732	1618477225716	-426	-299
1618477225826	1618477225810	-330	-307
1618477225920	1618477225904	-335	-312
1618477226014	1618477225998	-224	-317
1618477226108	1618477226092	-216	-321
1618477226202	1618477226186	-193	-329
1618477226296	1618477226280	-187	-331
1618477226385	1618477226374	-201	-341
1618477226479	1618477226468	-215	-340
1618477226573	1618477226562	-223	-343
1618477226667	1618477226656	-236	-341
1618477226761	1618477226750	-249	-347
1618477226855	1618477226844	-250	-347
1618477226949	1618477226938	-248	-352
1618477227043	1618477227032	-255	-355
1618477227137	1618477227126	-259	-352
1618477227231	1618477227220	-258	-351
1618477227325	1618477227314	-260	-352
1618477227419	1618477227408	-260	-359
1618477227513	1618477227498	-263	-368
1618477227604	1618477227592	-262	-374
1618477227698	1618477227686	-260	-381
1618477227792	1618477227780	-266	-392
1618477227886	1618477227874	-262	-400
1618477227980	1618477227968	-258	-398
1618477228074	1618477228062	-266	-403
1618477228168	1618477228156	-269	-394
1618477228262	1618477228250	-264	-384
1618477228356	1618477228344	-263	-380
1618477228450	1618477228438	-269	-374
1618477228544	1618477228532	-269	-370
1618477228638	1618477228626	-274	-368
1618477228732	1618477228725	-271	-365
1618477228824	1618477228819	-269	-363
1618477228918	1618477228913	-272	-366
1618477229012	1618477229007	-274	-359
1618477229106	1618477229101	-270	-354
1618477229200	1618477229195	-273	-358
1618477229294	1618477229289	-271	-361
1618477229388	1618477229383	-272	-364
1618477229482	1618477229477	-271	-363
1618477229576	1618477229571	-271	-361
1618477229670	1618477229665	-275	-363
1618477229764	1618477229759	-273	-358
1618477229858	1618477229853	-275	-363
1618477229952	1618477229943	-269	-357
1618477230042	1618477230037	-270	-355
1618477230136	1618477230131	-262	-353
1618477230230	1618477230225	-259	-343
1618477230324	1618477230319	-254	-342
1618477230418	1618477230413	-251	-342
1618477230512	1618477230507	-254	-339
1618477230606	1618477230601	-250	-338
1618477230700	1618477230695	-250	-342
1618477230794	1618477230789	-249	-339
1618477230888	1618477230883	-254	-337
1618477230982	1618477230977	-257	-344
1618477231076	1618477231071	-254	-337
1618477231170	1618477231161	-258	-334
1618477231261	1618477231255	-260	-334
1618477231355	1618477231349	-266	-334
1618477231449	1618477231443	-264	-335
1618477231543	1618477231537	-262	-345
1618477231637	1618477231631	-267	-349
1618477231731	1618477231725	-263	-347
1618477231825	1618477231819	-267	-347
1618477231919	1618477231913	-268	-346
1618477232013	1618477232007	-270	-348
1618477232107	1618477232101	-269	-347
1618477232201	1618477232195	-269	-351
1618477232295	1618477232289	-269	-356
1618477232389	1618477232378	-269	-352
1618477232479	1618477232472	-269	-352
1618477232573	1618477232566	-268	-354
1618477232667	1618477232660	-272	-353
1618477232761	1618477232754	-268	-354
1618477232855	1618477232848	-268	-353
1618477232949	1618477232942	-270	-355
1618477233043	1618477233036	-274	-353
1618477233137	1618477233130	-276	-360
1618477233231	1618477233224	-276	-356
1618477233325	1618477233318	-276	-356
1618477233419	1618477233412	-277	-352
1618477233513	1618477233506	-277	-351
1618477233607	1618477233597	-276	-345
