1616035352280	1616035352216	-645	-740
1616035352375	1616035352311	-642	-738
1616035352470	1616035352406	-648	-739
1616035352566	1616035352499	-645	-744
1616035352660	1616035352593	-651	-740
1616035352754	1616035352687	-646	-744
1616035352848	1616035352781	-643	-744
1616035352942	1616035352875	-641	-744
1616035353036	1616035352969	-639	-746
1616035353130	1616035353063	-639	-749
1616035353224	1616035353157	-641	-748
1616035353318	1616035353251	-635	-745
1616035353412	1616035353345	-634	-750
1616035353506	1616035353439	-637	-745
1616035353600	1616035353533	-638	-752
1616035353694	1616035353627	-644	-750
1616035353784	1616035353720	-637	-754
1616035353879	1616035353815	-638	-743
1616035353974	1616035353910	-634	-753
1616035354069	1616035354005	-638	-753
1616035354164	1616035354100	-635	-752
1616035354259	1616035354195	-637	-754
1616035354354	1616035354290	-635	-757
1616035354449	1616035354385	-639	-755
1616035354544	1616035354480	-634	-753
1616035354639	1616035354575	-639	-757
1616035354734	1616035354670	-634	-753
1616035354829	1616035354765	-633	-753
1616035354924	1616035354860	-628	-752
1616035355020	1616035354956	-634	-759
1616035355113	1616035355049	-631	-756
1616035355206	1616035355142	-632	-746
1616035355299	1616035355235	-630	-756
1616035355392	1616035355328	-632	-756
1616035355485	1616035355421	-625	-759
1616035355578	1616035355514	-638	-755
1616035355671	1616035355607	-636	-754
1616035355764	1616035355700	-636	-756
1616035355857	1616035355793	-640	-751
1616035355950	1616035355886	-637	-752
1616035356043	1616035355979	-637	-750
1616035356136	1616035356072	-636	-745
1616035356235	1616035356171	-637	-749
1616035356330	1616035356266	-640	-747
1616035356425	1616035356361	-639	-747
1616035356520	1616035356456	-643	-753
1616035356615	1616035356551	-639	-752
1616035356710	1616035356646	-636	-750
1616035356805	1616035356741	-633	-745
1616035356900	1616035356836	-635	-752
1616035356995	1616035356931	-630	-751
1616035357090	1616035357026	-631	-747
1616035357185	1616035357121	-627	-739
1616035357280	1616035357216	-632	-742
1616035357375	1616035357311	-629	-741
1616035357469	1616035357405	-627	-740
1616035357561	1616035357499	-625	-737
1616035357653	1616035357593	-629	-740
1616035357745	1616035357687	-629	-735
1616035357837	1616035357781	-629	-736
1616035357929	1616035357875	-628	-737
1616035358021	1616035357969	-626	-733
1616035358113	1616035358063	-625	-732
1616035358205	1616035358157	-627	-728
1616035358297	1616035358251	-627	-732
1616035358389	1616035358345	-626	-731
1616035358481	1616035358439	-635	-730
1616035358573	1616035358533	-634	-731
1616035358671	1616035358625	-637	-725
1616035358766	1616035358719	-637	-732
1616035358861	1616035358813	-638	-731
1616035358956	1616035358907	-640	-730
1616035359051	1616035359001	-637	-730
1616035359146	1616035359095	-636	-733
1616035359241	1616035359189	-635	-734
1616035359336	1616035359283	-632	-734
1616035359431	1616035359377	-629	-730
1616035359526	1616035359471	-631	-732
1616035359621	1616035359565	-625	-738
1616035359716	1616035359659	-628	-732
1616035359811	1616035359753	-631	-736
1616035359906	1616035359843	-628	-733
1616035360000	1616035359937	-635	-733
1616035360094	1616035360031	-634	-728
1616035360188	1616035360125	-635	-722
1616035360282	1616035360219	-634	-723
1616035360376	1616035360313	-638	-726
1616035360470	1616035360407	-634	-719
1616035360564	1616035360501	-628	-719
1616035360658	1616035360595	-628	-719
1616035360752	1616035360689	-623	-716
1616035360846	1616035360783	-623	-717
1616035360940	1616035360877	-620	-715
1616035361034	1616035360971	-616	-713
1616035361126	1616035361060	-617	-713
1616035361220	1616035361154	-613	-716
1616035361314	1616035361248	-611	-715
1616035361408	1616035361342	-606	-708
1616035361502	1616035361436	-613	-710
1616035361596	1616035361530	-610	-711
1616035361690	1616035361624	-610	-699
1616035361784	1616035361718	-610	-711
1616035361878	1616035361812	-610	-705
1616035361972	1616035361906	-609	-706
1616035362066	1616035362000	-610	-708
1616035362160	1616035362094	-609	-703
1616035362254	1616035362188	-615	-706
1616035362343	1616035362279	-615	-705
1616035362436	1616035362373	-613	-701
1616035362529	1616035362467	-615	-706
1616035362622	1616035362561	-617	-702
1616035362715	1616035362655	-623	-702
1616035362808	1616035362749	-626	-705
1616035362901	1616035362843	-643	-705
1616035362994	1616035362937	-648	-705
1616035363087	1616035363031	-670	-704
1616035363180	1616035363125	-673	-700
1616035363273	1616035363219	-455	-707
1616035363366	1616035363313	-580	-709
1616035363459	1616035363407	-209	-707
1616035363547	1616035363497	-178	-707
1616035363642	1616035363591	-80	-711
1616035363737	1616035363685	-295	-711
1616035363832	1616035363779	-365	-712
1616035363927	1616035363873	-563	-715
1616035364022	1616035363967	-622	-722
1616035364117	1616035364061	-639	-736
1616035364212	1616035364155	-643	-736
1616035364307	1616035364249	-631	-758
1616035364402	1616035364343	-628	-725
1616035364497	1616035364437	-629	-511
1616035364592	1616035364531	-627	-699
1616035364687	1616035364625	-622	-301
1616035364782	1616035364720	-621	-284
1616035364876	1616035364814	-622	-168
1616035364970	1616035364908	-621	-351
1616035365064	1616035365002	-620	-506
1616035365158	1616035365096	-626	-647
1616035365252	1616035365190	-622	-710
1616035365346	1616035365284	-627	-736
1616035365440	1616035365378	-625	-749
1616035365534	1616035365472	-624	-738
1616035365628	1616035365566	-625	-723
1616035365722	1616035365660	-624	-727
1616035365816	1616035365754	-627	-722
1616035365910	1616035365848	-624	-720
1616035366000	1616035365939	-629	-714
1616035366094	1616035366033	-629	-711
1616035366188	1616035366127	-630	-710
1616035366282	1616035366221	-628	-712
1616035366376	1616035366315	-625	-716
1616035366470	1616035366409	-630	-707
1616035366564	1616035366503	-628	-707
1616035366658	1616035366597	-628	-702
1616035366752	1616035366691	-629	-704
1616035366846	1616035366785	-629	-701
1616035366940	1616035366879	-624	-700
1616035367034	1616035366973	-626	-701
1616035367128	1616035367067	-630	-691
1616035367222	1616035367155	-628	-691
1616035367316	1616035367249	-632	-699
1616035367410	1616035367343	-628	-694
1616035367504	1616035367437	-632	-695
1616035367598	1616035367531	-632	-696
1616035367692	1616035367625	-630	-697
1616035367786	1616035367719	-630	-699
1616035367880	1616035367813	-634	-695
1616035367974	1616035367907	-635	-698
1616035368068	1616035368001	-629	-697
1616035368162	1616035368095	-631	-699
1616035368256	1616035368189	-634	-697
1616035368350	1616035368283	-637	-697
1616035368439	1616035368373	-639	-697
1616035368533	1616035368467	-641	-699
1616035368627	1616035368561	-641	-694
1616035368721	1616035368655	-642	-697
1616035368815	1616035368749	-642	-701
1616035368909	1616035368843	-647	-697
1616035369003	1616035368937	-643	-697
1616035369097	1616035369031	-645	-700
1616035369191	1616035369125	-649	-695
1616035369285	1616035369219	-646	-694
1616035369379	1616035369313	-646	-696
1616035369473	1616035369407	-647	-695
1616035369567	1616035369501	-642	-691
1616035369655	1616035369593	-645	-694
1616035369749	1616035369687	-648	-691
1616035369843	1616035369781	-649	-693
1616035369937	1616035369875	-648	-692
1616035370031	1616035369969	-647	-692
1616035370125	1616035370063	-645	-682
1616035370219	1616035370157	-647	-688
1616035370313	1616035370251	-647	-687
1616035370407	1616035370345	-648	-692
1616035370501	1616035370439	-650	-685
1616035370595	1616035370533	-644	-686
1616035370689	1616035370627	-644	-692
1616035370783	1616035370721	-649	-691
1616035370877	1616035370813	-637	-693
1616035370971	1616035370907	-635	-694
1616035371065	1616035371001	-631	-695
1616035371159	1616035371095	-629	-695
1616035371253	1616035371189	-627	-693
1616035371347	1616035371283	-624	-695
1616035371441	1616035371377	-624	-694
1616035371535	1616035371471	-630	-695
1616035371629	1616035371565	-623	-688
1616035371723	1616035371659	-624	-691
1616035371817	1616035371753	-625	-696
1616035371911	1616035371847	-627	-694
1616035372005	1616035371941	-629	-696
1616035372093	1616035372031	-627	-695
1616035372187	1616035372125	-629	-692
1616035372281	1616035372219	-626	-694
1616035372375	1616035372313	-626	-695
1616035372469	1616035372407	-626	-695
1616035372563	1616035372501	-627	-697
1616035372657	1616035372595	-626	-699
1616035372751	1616035372689	-627	-702
1616035372845	1616035372783	-623	-705
1616035372939	1616035372877	-623	-707
1616035373033	1616035372971	-622	-708
1616035373127	1616035373065	-623	-712
1616035373221	1616035373159	-621	-713
1616035373317	1616035373251	-616	-715
1616035373411	1616035373345	-610	-722
1616035373505	1616035373439	-606	-715
1616035373599	1616035373533	-601	-714
1616035373693	1616035373627	-587	-712
1616035373787	1616035373721	-587	-714
1616035373881	1616035373815	-583	-710
1616035373975	1616035373909	-574	-714
1616035374069	1616035374003	-568	-711
1616035374163	1616035374097	-563	-713
1616035374257	1616035374191	-553	-712
1616035374351	1616035374285	-551	-721
1616035374445	1616035374379	-544	-720
1616035374533	1616035374467	-548	-720
1616035374627	1616035374561	-550	-721
1616035374721	1616035374655	-555	-727
1616035374815	1616035374749	-560	-730
1616035374909	1616035374843	-565	-732
1616035375003	1616035374937	-567	-732
1616035375097	1616035375031	-572	-737
1616035375191	1616035375125	-579	-737
1616035375285	1616035375219	-582	-741
1616035375379	1616035375313	-586	-740
1616035375473	1616035375407	-589	-732
1616035375567	1616035375501	-596	-736
1616035375661	1616035375595	-601	-738
1616035375749	1616035375688	-600	-744
1616035375844	1616035375782	-608	-744
1616035375939	1616035375876	-610	-742
1616035376034	1616035375970	-609	-744
NaN	1616035376064	-609	NaN
