1616035495299	1616035495231	-97	-24
1616035495393	1616035495325	-93	-22
1616035495487	1616035495419	-95	-26
1616035495578	1616035495515	-99	-32
1616035495673	1616035495608	-98	-32
1616035495768	1616035495701	-97	-30
1616035495863	1616035495794	-94	-37
1616035495958	1616035495887	-96	-35
1616035496053	1616035495980	-90	-36
1616035496148	1616035496073	-94	-34
1616035496243	1616035496166	-91	-32
1616035496338	1616035496259	-89	-32
1616035496433	1616035496352	-87	-33
1616035496528	1616035496445	-87	-36
1616035496623	1616035496538	-84	-32
1616035496718	1616035496631	-88	-30
1616035496808	1616035496730	-88	-34
1616035496902	1616035496824	-86	-32
1616035496996	1616035496918	-83	-27
1616035497090	1616035497012	-87	-26
1616035497184	1616035497106	-87	-32
1616035497278	1616035497200	-84	-25
1616035497372	1616035497294	-86	-25
1616035497466	1616035497388	-84	-23
1616035497560	1616035497482	-87	-28
1616035497654	1616035497576	-82	-28
1616035497748	1616035497670	-81	-27
1616035497842	1616035497764	-79	-23
1616035497936	1616035497858	-75	-21
1616035498030	1616035497948	-82	-21
1616035498124	1616035498042	-80	-24
1616035498218	1616035498136	-83	-21
1616035498312	1616035498230	-81	-23
1616035498406	1616035498324	-83	-26
1616035498500	1616035498418	-84	-19
1616035498594	1616035498512	-84	-25
1616035498688	1616035498606	-83	-24
1616035498782	1616035498700	-85	-22
1616035498876	1616035498794	-84	-23
1616035498970	1616035498888	-85	-24
1616035499064	1616035498982	-87	-21
1616035499158	1616035499076	-80	-24
1616035499246	1616035499167	-88	-25
1616035499340	1616035499261	-87	-30
1616035499434	1616035499355	-85	-28
1616035499528	1616035499449	-86	-26
1616035499622	1616035499543	-86	-27
1616035499716	1616035499637	-85	-29
1616035499810	1616035499731	-83	-30
1616035499904	1616035499825	-86	-30
1616035499998	1616035499919	-82	-33
1616035500092	1616035500013	-85	-30
1616035500186	1616035500107	-83	-28
1616035500280	1616035500201	-79	-33
1616035500374	1616035500295	-81	-33
1616035500464	1616035500386	-83	-34
1616035500558	1616035500480	-78	-33
1616035500652	1616035500574	-76	-34
1616035500746	1616035500668	-77	-37
1616035500840	1616035500762	-71	-36
1616035500934	1616035500856	-67	-37
1616035501028	1616035500950	-65	-37
1616035501122	1616035501044	-64	-39
1616035501216	1616035501138	-63	-44
1616035501310	1616035501232	-60	-47
1616035501404	1616035501326	-58	-45
1616035501498	1616035501420	-59	-48
1616035501592	1616035501514	-56	-46
1616035501681	1616035501607	-54	-55
1616035501775	1616035501701	-52	-56
1616035501869	1616035501795	-53	-67
1616035501963	1616035501889	-52	-74
1616035502057	1616035501983	-50	-93
1616035502151	1616035502077	-50	-105
1616035502245	1616035502171	-50	-125
1616035502339	1616035502265	-52	-139
1616035502433	1616035502359	-46	-148
1616035502527	1616035502453	-45	-137
1616035502621	1616035502547	-48	-105
1616035502715	1616035502641	-49	-75
1616035502809	1616035502735	-48	-42
1616035502902	1616035502828	-48	-7
1616035502996	1616035502922	-45	23
1616035503090	1616035503016	-43	36
1616035503184	1616035503110	-45	39
1616035503278	1616035503204	-47	38
1616035503372	1616035503298	-45	31
1616035503466	1616035503392	-48	22
1616035503560	1616035503486	-45	14
1616035503654	1616035503580	-44	11
1616035503748	1616035503674	-47	1
1616035503842	1616035503768	-47	-7
1616035503936	1616035503862	-46	-22
1616035504030	1616035503956	-47	-40
1616035504122	1616035504046	-42	-56
1616035504216	1616035504140	-43	-82
1616035504310	1616035504234	-47	-101
1616035504404	1616035504328	-50	-116
1616035504498	1616035504422	-47	-128
1616035504592	1616035504516	-48	-132
1616035504686	1616035504610	-50	-145
1616035504780	1616035504704	-53	-144
1616035504874	1616035504798	-54	-145
1616035504968	1616035504892	-58	-149
1616035505062	1616035504986	-63	-150
1616035505156	1616035505080	-68	-152
1616035505250	1616035505174	-77	-154
1616035505338	1616035505264	-101	-152
1616035505432	1616035505358	-108	-148
1616035505526	1616035505452	-115	-143
1616035505620	1616035505546	-121	-142
1616035505714	1616035505640	-108	-140
1616035505808	1616035505734	-96	-134
1616035505902	1616035505828	-56	-134
1616035505996	1616035505922	-32	-130
1616035506090	1616035506016	-8	-126
1616035506184	1616035506110	9	-122
1616035506278	1616035506204	9	-121
1616035506372	1616035506298	12	-119
1616035506466	1616035506392	5	-120
1616035506558	1616035506484	6	-127
1616035506652	1616035506578	9	-118
1616035506746	1616035506672	3	-120
1616035506840	1616035506766	-4	-123
1616035506934	1616035506860	-15	-124
1616035507028	1616035506954	-27	-119
1616035507122	1616035507048	-47	-114
1616035507216	1616035507142	-57	-107
1616035507310	1616035507236	-64	-110
1616035507404	1616035507330	-62	-110
1616035507498	1616035507424	-63	-109
1616035507592	1616035507518	-62	-108
1616035507686	1616035507612	-57	-103
1616035507779	1616035507701	-51	-101
1616035507873	1616035507795	-50	-100
1616035507967	1616035507889	-44	-96
1616035508061	1616035507983	-44	-94
1616035508155	1616035508077	-49	-95
1616035508249	1616035508171	-44	-94
1616035508343	1616035508265	-41	-95
1616035508437	1616035508359	-42	-91
1616035508531	1616035508453	-43	-91
1616035508625	1616035508547	-47	-94
1616035508719	1616035508641	-41	-94
1616035508813	1616035508735	-43	-96
1616035508907	1616035508829	-44	-96
1616035508999	1616035508928	-43	-98
1616035509092	1616035509022	-42	-104
1616035509185	1616035509116	-42	-96
1616035509278	1616035509210	-46	-93
1616035509371	1616035509304	-41	-98
1616035509464	1616035509398	-41	-91
1616035509557	1616035509492	-41	-94
1616035509650	1616035509586	-39	-91
1616035509743	1616035509680	-39	-89
1616035509836	1616035509774	-32	-86
1616035509929	1616035509868	-41	-81
1616035510022	1616035509962	-35	-78
1616035510115	1616035510056	-37	-79
1616035510214	1616035510146	-33	-82
1616035510309	1616035510241	-35	-75
1616035510404	1616035510336	-37	-74
1616035510499	1616035510431	-38	-75
1616035510594	1616035510526	-32	-67
1616035510689	1616035510621	-34	-71
1616035510784	1616035510716	-30	-74
1616035510879	1616035510811	-32	-72
1616035510974	1616035510906	-35	-75
1616035511069	1616035511001	-29	-70
1616035511164	1616035511096	-35	-74
1616035511259	1616035511191	-37	-68
1616035511354	1616035511286	-35	-76
1616035511445	1616035511380	-36	-80
1616035511539	1616035511474	-36	-79
1616035511633	1616035511568	-34	-80
1616035511727	1616035511662	-31	-82
1616035511821	1616035511756	-33	-76
1616035511915	1616035511850	-33	-73
1616035512009	1616035511944	-30	-77
1616035512103	1616035512038	-33	-72
1616035512197	1616035512132	-35	-65
1616035512291	1616035512226	-34	-73
1616035512385	1616035512320	-28	-65
1616035512479	1616035512414	-29	-65
1616035512573	1616035512508	-27	-61
1616035512667	1616035512600	-27	-62
1616035512762	1616035512695	-22	-59
1616035512857	1616035512790	-23	-65
1616035512952	1616035512885	-23	-56
1616035513047	1616035512980	-25	-57
1616035513142	1616035513075	-29	-56
1616035513237	1616035513170	-27	-56
1616035513332	1616035513265	-24	-55
1616035513427	1616035513360	-21	-57
1616035513522	1616035513455	-21	-57
1616035513617	1616035513550	-21	-52
1616035513712	1616035513645	-23	-55
1616035513807	1616035513740	-22	-55
1616035513897	1616035513835	-22	-58
1616035513991	1616035513929	-23	-50
1616035514085	1616035514023	-19	-51
1616035514179	1616035514117	-19	-50
1616035514273	1616035514211	-18	-50
1616035514367	1616035514305	-14	-55
1616035514461	1616035514399	-15	-50
1616035514555	1616035514493	-12	-46
1616035514649	1616035514587	-13	-46
1616035514743	1616035514681	-14	-49
1616035514837	1616035514775	-15	-47
1616035514931	1616035514869	-11	-53
1616035515025	1616035514963	-11	-50
1616035515114	1616035515052	-8	-49
NaN	1616035515147	NaN	-53
