1610679807754	1610679807717	588	711
1610679807849	1610679807808	591	700
1610679807943	1610679807903	589	699
1610679808037	1610679807998	584	696
1610679808131	1610679808093	582	687
1610679808225	1610679808188	582	687
1610679808319	1610679808283	581	685
1610679808413	1610679808378	581	679
1610679808507	1610679808473	584	670
1610679808601	1610679808568	589	670
1610679808695	1610679808663	588	663
1610679808789	1610679808758	586	664
1610679808883	1610679808853	586	657
1610679808977	1610679808948	588	656
1610679809071	1610679809041	589	651
1610679809159	1610679809135	592	652
1610679809253	1610679809229	594	645
1610679809347	1610679809323	592	643
1610679809441	1610679809417	600	642
1610679809535	1610679809511	604	639
1610679809629	1610679809605	608	640
1610679809723	1610679809699	612	637
1610679809817	1610679809793	624	632
1610679809911	1610679809887	630	634
1610679810005	1610679809981	635	630
1610679810099	1610679810075	645	633
1610679810193	1610679810169	654	639
1610679810287	1610679810259	666	637
1610679810379	1610679810354	664	644
1610679810474	1610679810449	672	646
1610679810569	1610679810544	676	645
1610679810664	1610679810639	680	644
1610679810759	1610679810734	675	646
1610679810854	1610679810829	677	644
1610679810949	1610679810924	683	641
1610679811044	1610679811019	683	641
1610679811139	1610679811114	681	632
1610679811234	1610679811209	678	632
1610679811329	1610679811304	672	631
1610679811424	1610679811399	670	626
1610679811519	1610679811493	666	619
1610679811615	1610679811587	662	617
1610679811710	1610679811681	662	617
1610679811805	1610679811775	663	613
1610679811900	1610679811869	663	610
1610679811995	1610679811963	670	609
1610679812090	1610679812057	686	604
1610679812185	1610679812151	684	601
1610679812280	1610679812245	690	591
1610679812375	1610679812339	699	589
1610679812470	1610679812433	708	589
1610679812565	1610679812527	725	581
1610679812660	1610679812621	732	578
1610679812755	1610679812712	743	578
1610679812849	1610679812807	748	569
1610679812943	1610679812902	745	568
1610679813037	1610679812997	748	559
1610679813131	1610679813092	747	559
1610679813225	1610679813187	757	557
1610679813319	1610679813282	757	555
1610679813413	1610679813377	747	549
1610679813507	1610679813472	750	547
1610679813601	1610679813567	755	551
1610679813695	1610679813662	753	555
1610679813789	1610679813757	742	547
1610679813883	1610679813852	746	544
1610679813977	1610679813945	741	537
1610679814068	1610679814039	739	543
1610679814162	1610679814133	742	537
1610679814256	1610679814227	737	543
1610679814350	1610679814321	737	539
1610679814444	1610679814415	737	535
1610679814538	1610679814509	740	538
1610679814632	1610679814603	744	536
1610679814726	1610679814697	743	535
1610679814820	1610679814791	746	535
1610679814914	1610679814885	753	527
1610679815008	1610679814979	752	523
1610679815102	1610679815073	757	523
1610679815196	1610679815164	752	520
1610679815286	1610679815259	754	519
1610679815381	1610679815354	757	520
1610679815476	1610679815449	753	513
1610679815571	1610679815544	753	517
1610679815666	1610679815639	750	522
1610679815761	1610679815734	753	532
1610679815856	1610679815829	752	527
1610679815951	1610679815924	753	532
1610679816046	1610679816019	749	535
1610679816141	1610679816114	748	541
1610679816236	1610679816209	744	548
1610679816331	1610679816304	748	552
1610679816426	1610679816400	746	560
1610679816521	1610679816494	749	566
1610679816616	1610679816588	745	575
1610679816711	1610679816682	749	578
1610679816806	1610679816776	750	586
1610679816901	1610679816870	746	592
1610679816996	1610679816964	746	596
1610679817091	1610679817058	748	593
1610679817186	1610679817152	743	565
1610679817281	1610679817246	743	451
1610679817376	1610679817340	736	481
1610679817471	1610679817434	736	392
1610679817566	1610679817528	733	691
1610679817661	1610679817617	729	714
1610679817756	1610679817711	731	551
1610679817850	1610679817805	735	744
1610679817944	1610679817899	734	640
1610679818038	1610679817993	726	597
1610679818132	1610679818087	697	575
1610679818226	1610679818181	605	562
1610679818320	1610679818275	696	556
1610679818414	1610679818369	574	553
1610679818508	1610679818463	1141	552
1610679818602	1610679818557	695	547
1610679818696	1610679818651	891	544
1610679818790	1610679818745	806	545
1610679818884	1610679818845	752	540
1610679818972	1610679818939	733	540
1610679819066	1610679819033	722	536
1610679819160	1610679819127	723	536
1610679819254	1610679819221	724	539
1610679819348	1610679819315	723	536
1610679819442	1610679819409	725	536
1610679819536	1610679819503	720	530
1610679819630	1610679819597	723	535
1610679819724	1610679819691	725	539
1610679819818	1610679819785	724	542
1610679819912	1610679819879	719	537
1610679820006	1610679819973	723	542
1610679820100	1610679820062	717	541
1610679820193	1610679820156	717	547
1610679820287	1610679820250	717	541
1610679820381	1610679820344	718	541
1610679820475	1610679820438	714	548
1610679820569	1610679820532	716	548
1610679820663	1610679820626	714	545
1610679820757	1610679820720	709	548
1610679820851	1610679820814	715	546
1610679820945	1610679820908	710	545
1610679821039	1610679821002	718	550
1610679821133	1610679821096	711	550
1610679821227	1610679821190	712	550
1610679821321	1610679821282	714	550
1610679821410	1610679821376	715	553
1610679821504	1610679821470	717	552
1610679821598	1610679821564	717	558
1610679821692	1610679821658	706	566
1610679821786	1610679821752	700	554
1610679821880	1610679821846	687	555
1610679821974	1610679821940	688	554
1610679822068	1610679822034	675	556
1610679822162	1610679822128	669	551
1610679822256	1610679822222	665	556
1610679822350	1610679822316	672	556
1610679822444	1610679822410	668	553
1610679822538	1610679822500	672	560
1610679822629	1610679822594	669	558
1610679822723	1610679822688	672	557
1610679822817	1610679822782	668	557
1610679822911	1610679822876	665	558
1610679823005	1610679822970	658	558
1610679823099	1610679823064	655	560
1610679823193	1610679823158	656	563
1610679823287	1610679823252	653	563
1610679823381	1610679823346	652	563
1610679823475	1610679823440	646	568
1610679823569	1610679823534	649	567
1610679823663	1610679823628	647	566
1610679823757	1610679823719	652	572
1610679823849	1610679823813	653	568
1610679823943	1610679823907	655	566
1610679824037	1610679824001	662	566
1610679824131	1610679824095	666	565
1610679824225	1610679824189	662	566
1610679824319	1610679824283	668	564
1610679824413	1610679824377	673	564
1610679824507	1610679824471	675	560
1610679824601	1610679824565	677	563
1610679824695	1610679824659	679	559
1610679824789	1610679824753	679	563
1610679824883	1610679824847	679	560
1610679824977	1610679824938	677	560
1610679825066	1610679825032	676	562
1610679825160	1610679825126	676	568
1610679825254	1610679825220	672	579
1610679825348	1610679825314	665	571
1610679825442	1610679825408	657	571
1610679825536	1610679825502	651	572
1610679825630	1610679825596	645	580
1610679825724	1610679825690	639	582
1610679825818	1610679825784	640	583
1610679825912	1610679825878	638	589
1610679826006	1610679825972	649	590
1610679826100	1610679826066	651	595
1610679826194	1610679826158	650	598
1610679826286	1610679826253	649	604
1610679826380	1610679826348	646	604
1610679826474	1610679826443	642	604
1610679826568	1610679826538	640	607
NaN	1610679826633	636	NaN
