1616035442115	1616035442115	664	574
1616035442210	1616035442209	667	581
1616035442305	1616035442303	664	577
1616035442400	1616035442397	665	584
1616035442495	1616035442491	662	577
1616035442590	1616035442585	660	573
1616035442685	1616035442679	657	571
1616035442780	1616035442773	659	568
1616035442875	1616035442867	663	566
1616035442970	1616035442955	671	564
1616035443064	1616035443049	677	566
1616035443158	1616035443143	677	564
1616035443252	1616035443237	681	567
1616035443346	1616035443331	683	567
1616035443440	1616035443425	682	565
1616035443534	1616035443519	685	559
1616035443628	1616035443613	685	555
1616035443722	1616035443707	687	542
1616035443816	1616035443801	686	535
1616035443910	1616035443895	688	523
1616035444004	1616035443989	683	520
1616035444098	1616035444083	683	505
1616035444192	1616035444172	678	502
1616035444282	1616035444266	676	493
1616035444376	1616035444360	669	484
1616035444470	1616035444454	661	481
1616035444564	1616035444548	650	471
1616035444658	1616035444642	637	466
1616035444752	1616035444736	617	463
1616035444846	1616035444830	609	454
1616035444940	1616035444924	590	433
1616035445034	1616035445018	580	408
1616035445128	1616035445112	564	397
1616035445222	1616035445206	552	376
1616035445316	1616035445300	540	361
1616035445410	1616035445398	538	348
1616035445508	1616035445493	535	348
1616035445604	1616035445588	535	336
1616035445700	1616035445683	530	335
1616035445796	1616035445778	532	329
1616035445892	1616035445873	530	333
1616035445988	1616035445968	529	337
1616035446084	1616035446063	528	334
1616035446180	1616035446158	528	340
1616035446276	1616035446253	527	338
1616035446372	1616035446348	525	340
1616035446468	1616035446443	523	324
1616035446564	1616035446538	525	315
1616035446660	1616035446638	523	312
1616035446759	1616035446730	526	311
1616035446852	1616035446822	524	307
1616035446945	1616035446914	524	310
1616035447038	1616035447006	524	321
1616035447131	1616035447098	521	334
1616035447224	1616035447190	520	343
1616035447317	1616035447282	518	349
1616035447410	1616035447374	514	354
1616035447503	1616035447466	513	345
1616035447596	1616035447558	512	330
1616035447689	1616035447650	514	314
1616035447782	1616035447742	510	299
1616035447875	1616035447834	510	289
1616035447974	1616035447928	511	277
1616035448068	1616035448022	507	263
1616035448162	1616035448116	507	259
1616035448256	1616035448210	506	247
1616035448350	1616035448304	509	240
1616035448444	1616035448398	501	243
1616035448538	1616035448492	499	238
1616035448632	1616035448586	493	246
1616035448726	1616035448680	485	244
1616035448820	1616035448774	489	251
1616035448914	1616035448868	484	253
1616035449008	1616035448962	483	254
1616035449102	1616035449054	483	247
1616035449190	1616035449150	482	239
1616035449285	1616035449246	482	235
1616035449380	1616035449342	481	243
1616035449475	1616035449438	483	235
1616035449570	1616035449534	488	243
1616035449665	1616035449630	485	243
1616035449760	1616035449726	490	246
1616035449855	1616035449822	490	247
1616035449950	1616035449918	496	252
1616035450045	1616035450014	490	253
1616035450140	1616035450110	490	257
1616035450235	1616035450206	490	258
1616035450330	1616035450304	492	258
1616035450422	1616035450398	482	262
1616035450515	1616035450492	485	267
1616035450608	1616035450586	482	274
1616035450701	1616035450680	482	269
1616035450794	1616035450774	478	272
1616035450887	1616035450868	475	282
1616035450980	1616035450962	476	300
1616035451073	1616035451056	476	308
1616035451166	1616035451150	478	317
1616035451259	1616035451244	474	324
1616035451352	1616035451338	477	340
1616035451445	1616035451432	477	352
1616035451538	1616035451520	471	362
1616035451630	1616035451615	479	377
1616035451724	1616035451710	476	391
1616035451818	1616035451805	477	401
1616035451912	1616035451900	478	409
1616035452006	1616035451995	483	413
1616035452100	1616035452090	480	420
1616035452194	1616035452185	481	419
1616035452288	1616035452280	483	414
1616035452382	1616035452375	486	407
1616035452476	1616035452470	489	399
1616035452570	1616035452565	491	399
1616035452664	1616035452660	491	410
1616035452758	1616035452750	493	415
1616035452858	1616035452844	495	411
1616035452952	1616035452938	497	416
1616035453046	1616035453032	499	420
1616035453140	1616035453126	497	419
1616035453234	1616035453220	501	420
1616035453328	1616035453314	504	422
1616035453422	1616035453408	504	418
1616035453516	1616035453502	505	417
1616035453610	1616035453596	509	412
1616035453704	1616035453690	507	408
1616035453798	1616035453784	505	403
1616035453892	1616035453878	500	401
1616035453986	1616035453972	501	397
1616035454075	1616035454065	498	396
1616035454168	1616035454158	500	398
1616035454261	1616035454251	494	401
1616035454354	1616035454344	491	398
1616035454447	1616035454437	488	392
1616035454540	1616035454530	491	389
1616035454633	1616035454623	491	395
1616035454726	1616035454716	492	400
1616035454819	1616035454809	496	408
1616035454912	1616035454902	503	410
1616035455005	1616035454995	522	407
1616035455098	1616035455088	562	411
1616035455191	1616035455176	630	407
1616035455289	1616035455270	492	408
1616035455383	1616035455364	527	417
1616035455477	1616035455458	865	419
1616035455571	1616035455552	457	412
1616035455665	1616035455646	371	414
1616035455759	1616035455740	243	410
1616035455853	1616035455834	235	411
1616035455947	1616035455928	450	409
1616035456041	1616035456022	388	411
1616035456135	1616035456116	415	411
1616035456229	1616035456210	382	421
1616035456323	1616035456304	438	429
1616035456417	1616035456398	477	443
1616035456505	1616035456492	500	470
1616035456598	1616035456586	505	537
1616035456691	1616035456680	506	559
1616035456784	1616035456774	501	325
1616035456877	1616035456868	490	760
1616035456970	1616035456962	475	366
1616035457063	1616035457056	452	288
1616035457156	1616035457150	429	173
1616035457249	1616035457244	419	269
1616035457342	1616035457338	410	465
1616035457435	1616035457432	400	369
1616035457528	1616035457526	401	357
1616035457621	1616035457620	400	396
1616035457720	1616035457713	401	431
1616035457814	1616035457806	399	457
1616035457908	1616035457899	398	470
1616035458002	1616035457992	394	475
1616035458096	1616035458085	396	478
1616035458190	1616035458178	399	481
1616035458284	1616035458271	399	493
1616035458378	1616035458364	401	494
1616035458472	1616035458457	406	498
1616035458566	1616035458550	408	499
1616035458660	1616035458643	403	503
1616035458754	1616035458736	395	503
1616035458848	1616035458831	383	508
1616035458940	1616035458925	380	498
1616035459034	1616035459019	371	497
1616035459128	1616035459113	367	494
1616035459222	1616035459207	368	500
1616035459316	1616035459301	369	493
1616035459410	1616035459395	363	490
1616035459504	1616035459489	364	493
1616035459598	1616035459583	365	499
1616035459692	1616035459677	354	503
1616035459786	1616035459771	354	503
1616035459880	1616035459865	351	504
1616035459974	1616035459959	349	507
1616035460068	1616035460049	351	503
1616035460157	1616035460143	355	511
1616035460251	1616035460237	354	507
1616035460345	1616035460331	360	515
1616035460439	1616035460425	356	519
1616035460533	1616035460519	367	522
1616035460627	1616035460613	372	520
1616035460721	1616035460707	378	523
1616035460815	1616035460801	387	525
1616035460909	1616035460895	392	530
1616035461003	1616035460989	401	524
1616035461097	1616035461083	413	526
1616035461191	1616035461177	421	522
1616035461285	1616035461267	435	525
1616035461377	1616035461361	450	531
1616035461471	1616035461455	458	537
1616035461565	1616035461549	471	537
1616035461659	1616035461643	481	540
1616035461753	1616035461737	478	541
1616035461847	1616035461831	478	542
1616035461941	1616035461925	474	542
1616035462035	1616035462019	468	544
1616035462129	1616035462113	466	540
1616035462223	1616035462207	458	547
1616035462317	1616035462301	458	541
1616035462411	1616035462395	451	539
1616035462505	1616035462487	450	537
1616035462595	1616035462581	461	539
1616035462689	1616035462675	466	539
1616035462783	1616035462769	471	528
1616035462877	1616035462863	469	529
1616035462971	1616035462957	462	522
1616035463065	1616035463051	452	519
1616035463159	1616035463145	443	517
1616035463253	1616035463239	437	511
1616035463347	1616035463333	432	504
1616035463441	1616035463427	428	503
1616035463535	1616035463521	425	501
1616035463629	1616035463615	418	503
1616035463723	1616035463707	418	499
1616035463815	1616035463801	417	493
1616035463909	1616035463895	417	498
1616035464003	1616035463989	417	500
1616035464097	1616035464083	409	494
1616035464191	1616035464177	398	493
1616035464285	1616035464271	394	490
1616035464379	1616035464365	388	486
1616035464473	1616035464459	391	489
1616035464567	1616035464553	383	485
1616035464661	1616035464647	383	484
1616035464755	1616035464741	375	481
1616035464849	1616035464835	374	485
1616035464943	1616035464925	372	486
1616035465034	1616035465019	375	487
1616035465128	1616035465113	380	490
1616035465222	1616035465207	376	487
1616035465316	1616035465301	381	489
1616035465410	1616035465395	382	489
1616035465504	1616035465489	386	492
1616035465598	1616035465583	387	493
1616035465692	1616035465677	386	495
1616035465786	1616035465771	391	495
1616035465880	1616035465865	398	494
1616035465974	1616035465959	396	493
1616035466068	1616035466053	402	497
1616035466162	1616035466143	403	500
1616035466253	1616035466237	395	503
1616035466347	1616035466331	398	502
1616035466441	1616035466425	394	505
1616035466535	1616035466519	387	509
1616035466629	1616035466613	390	512
1616035466723	1616035466707	391	514
1616035466817	1616035466801	392	510
1616035466911	1616035466895	383	517
1616035467005	1616035466989	376	520
1616035467099	1616035467083	372	525
1616035467193	1616035467177	370	522
1616035467287	1616035467271	375	525
1616035467381	1616035467363	371	526
1616035467469	1616035467457	369	528
1616035467563	1616035467551	369	529
1616035467657	1616035467645	373	533
1616035467751	1616035467739	379	532
1616035467845	1616035467833	383	535
1616035467939	1616035467927	385	538
1616035468033	1616035468021	388	533
1616035468127	1616035468115	385	523
1616035468221	1616035468209	389	522
1616035468315	1616035468303	393	511
