1618477105728	1618477105701	-328	-356
1618477105822	1618477105795	-331	-354
1618477105916	1618477105889	-327	-356
1618477106010	1618477105983	-333	-352
1618477106104	1618477106077	-329	-357
1618477106198	1618477106168	-330	-354
1618477106292	1618477106262	-328	-351
1618477106386	1618477106356	-332	-353
1618477106480	1618477106450	-331	-354
1618477106574	1618477106544	-331	-350
1618477106668	1618477106638	-327	-349
1618477106760	1618477106732	-324	-347
1618477106854	1618477106826	-329	-348
1618477106948	1618477106920	-328	-349
1618477107042	1618477107014	-323	-350
1618477107136	1618477107108	-326	-347
1618477107230	1618477107202	-327	-352
1618477107324	1618477107296	-320	-350
1618477107418	1618477107389	-321	-354
1618477107512	1618477107483	-325	-351
1618477107606	1618477107577	-319	-349
1618477107700	1618477107671	-314	-349
1618477107794	1618477107765	-312	-351
1618477107888	1618477107859	-307	-351
1618477107979	1618477107953	-308	-353
1618477108072	1618477108047	-308	-355
1618477108165	1618477108141	-303	-355
1618477108258	1618477108235	-301	-352
1618477108351	1618477108329	-298	-356
1618477108444	1618477108423	-300	-353
1618477108537	1618477108517	-299	-349
1618477108630	1618477108610	-299	-356
1618477108723	1618477108704	-295	-351
1618477108816	1618477108798	-294	-359
1618477108909	1618477108892	-296	-349
1618477109002	1618477108986	-294	-357
1618477109095	1618477109080	-295	-349
1618477109193	1618477109174	-288	-354
1618477109287	1618477109268	-289	-353
1618477109381	1618477109362	-295	-350
1618477109475	1618477109456	-292	-350
1618477109569	1618477109550	-294	-354
1618477109663	1618477109644	-295	-351
1618477109757	1618477109738	-290	-354
1618477109851	1618477109833	-288	-353
1618477109945	1618477109927	-289	-353
1618477110039	1618477110021	-294	-355
1618477110133	1618477110115	-289	-355
1618477110227	1618477110209	-293	-353
1618477110321	1618477110303	-290	-352
1618477110413	1618477110397	-287	-351
1618477110507	1618477110491	-288	-351
1618477110601	1618477110585	-289	-349
1618477110695	1618477110679	-287	-347
1618477110789	1618477110773	-285	-346
1618477110883	1618477110867	-283	-346
1618477110977	1618477110961	-283	-345
1618477111071	1618477111051	-287	-344
1618477111165	1618477111145	-289	-342
1618477111259	1618477111239	-285	-341
1618477111353	1618477111333	-286	-345
1618477111447	1618477111427	-288	-340
1618477111541	1618477111521	-284	-342
1618477111634	1618477111615	-283	-341
1618477111729	1618477111709	-282	-344
1618477111824	1618477111803	-288	-343
1618477111919	1618477111897	-288	-341
1618477112014	1618477111991	-288	-345
1618477112109	1618477112085	-289	-341
1618477112204	1618477112179	-291	-338
1618477112299	1618477112272	-291	-340
1618477112394	1618477112366	-291	-341
1618477112489	1618477112460	-289	-345
1618477112584	1618477112554	-296	-340
1618477112679	1618477112648	-290	-346
1618477112774	1618477112742	-290	-345
1618477112866	1618477112836	-292	-342
1618477112960	1618477112930	-287	-341
1618477113054	1618477113024	-290	-344
1618477113148	1618477113118	-289	-339
1618477113242	1618477113212	-287	-343
1618477113336	1618477113306	-283	-340
1618477113430	1618477113400	-278	-341
1618477113524	1618477113489	-281	-344
1618477113618	1618477113583	-271	-346
1618477113712	1618477113677	-266	-346
1618477113806	1618477113771	-251	-343
1618477113900	1618477113865	-231	-344
1618477113994	1618477113959	-205	-343
1618477114088	1618477114053	-210	-345
1618477114182	1618477114147	-205	-342
1618477114276	1618477114241	-266	-346
1618477114370	1618477114335	-317	-346
1618477114464	1618477114429	-429	-342
1618477114558	1618477114523	-363	-345
1618477114652	1618477114617	-318	-342
1618477114746	1618477114709	-228	-339
1618477114840	1618477114803	-195	-336
1618477114934	1618477114897	-382	-327
1618477115028	1618477114991	-279	-306
1618477115122	1618477115085	-310	-296
1618477115216	1618477115179	-323	-268
1618477115304	1618477115273	-304	-280
1618477115398	1618477115367	-303	-278
1618477115492	1618477115461	-293	-345
1618477115586	1618477115555	-294	-472
1618477115680	1618477115649	-294	-395
1618477115774	1618477115743	-291	-323
1618477115868	1618477115837	-287	-259
1618477115962	1618477115925	-292	-440
1618477116056	1618477116019	-289	-357
1618477116150	1618477116113	-289	-372
1618477116244	1618477116207	-287	-381
1618477116338	1618477116301	-287	-374
1618477116432	1618477116395	-284	-370
1618477116530	1618477116489	-288	-366
1618477116624	1618477116583	-282	-359
1618477116718	1618477116677	-287	-360
1618477116812	1618477116771	-280	-354
1618477116906	1618477116865	-281	-359
1618477117000	1618477116959	-280	-357
1618477117094	1618477117053	-280	-360
1618477117188	1618477117152	-282	-355
1618477117282	1618477117247	-282	-358
1618477117376	1618477117342	-277	-356
1618477117470	1618477117437	-283	-360
1618477117564	1618477117532	-277	-358
1618477117658	1618477117627	-280	-358
1618477117751	1618477117722	-278	-357
1618477117845	1618477117817	-276	-361
1618477117939	1618477117912	-278	-359
1618477118033	1618477118007	-281	-360
1618477118127	1618477118102	-278	-356
1618477118221	1618477118197	-284	-359
1618477118315	1618477118292	-281	-355
1618477118409	1618477118390	-279	-355
1618477118503	1618477118484	-285	-361
1618477118597	1618477118578	-281	-357
1618477118691	1618477118672	-277	-362
1618477118785	1618477118766	-275	-358
1618477118879	1618477118860	-271	-363
1618477118971	1618477118954	-277	-359
1618477119065	1618477119048	-280	-362
1618477119159	1618477119142	-275	-363
1618477119253	1618477119236	-276	-363
1618477119347	1618477119330	-272	-361
1618477119441	1618477119424	-272	-366
1618477119535	1618477119518	-271	-365
1618477119629	1618477119608	-266	-365
1618477119723	1618477119702	-269	-373
1618477119817	1618477119796	-270	-368
1618477119911	1618477119890	-272	-369
1618477120005	1618477119984	-275	-371
1618477120099	1618477120078	-268	-377
1618477120188	1618477120172	-269	-374
1618477120282	1618477120266	-270	-380
1618477120376	1618477120360	-269	-380
1618477120470	1618477120454	-270	-380
1618477120564	1618477120548	-269	-380
1618477120658	1618477120642	-269	-382
1618477120752	1618477120736	-269	-379
1618477120846	1618477120833	-265	-377
1618477120940	1618477120927	-265	-381
1618477121034	1618477121021	-264	-377
1618477121128	1618477121115	-258	-380
1618477121222	1618477121209	-262	-375
1618477121316	1618477121303	-256	-372
1618477121407	1618477121397	-260	-372
1618477121501	1618477121491	-263	-371
1618477121595	1618477121585	-262	-371
1618477121689	1618477121679	-259	-377
1618477121783	1618477121773	-259	-375
1618477121877	1618477121867	-255	-374
1618477121971	1618477121961	-259	-370
1618477122065	1618477122057	-256	-374
1618477122159	1618477122151	-249	-371
1618477122253	1618477122245	-250	-372
1618477122347	1618477122339	-255	-372
1618477122441	1618477122433	-249	-371
1618477122535	1618477122527	-254	-369
1618477122632	1618477122621	-259	-372
1618477122727	1618477122715	-254	-368
1618477122822	1618477122809	-257	-370
NaN	1618477122903	NaN	-372
