12185 1610679567481 203
12186 1610679567575 204
12187 1610679567669 205
12188 1610679567763 203
12189 1610679567857 205
12190 1610679567951 204
12191 1610679568045 204
12192 1610679568139 203
12193 1610679568233 205
12194 1610679568325 204
12195 1610679568419 203
12196 1610679568513 205
12197 1610679568607 204
12198 1610679568701 203
12199 1610679568795 202
12200 1610679568889 207
12201 1610679568983 205
12202 1610679569077 204
12203 1610679569171 205
12204 1610679569265 201
12205 1610679569359 201
12206 1610679569453 203
12207 1610679569545 206
12208 1610679569639 204
12209 1610679569733 204
12210 1610679569827 204
12211 1610679569921 206
12212 1610679570015 201
12213 1610679570109 205
12214 1610679570203 200
12215 1610679570297 205
12216 1610679570391 207
12217 1610679570485 206
12218 1610679570579 201
12219 1610679570673 205
12220 1610679570762 200
12221 1610679570856 206
12222 1610679570950 205
12223 1610679571044 200
12224 1610679571138 203
12225 1610679571232 205
12226 1610679571326 203
12227 1610679571420 201
12228 1610679571514 205
12229 1610679571608 205
12230 1610679571702 204
12231 1610679571796 207
12232 1610679571890 215
12233 1610679571980 253
12234 1610679572074 223
12235 1610679572168 480
12236 1610679572262 185
12237 1610679572356 367
12238 1610679572450 114
12239 1610679572544 -22
12240 1610679572638 121
12241 1610679572732 175
12242 1610679572826 195
12243 1610679572920 200
12244 1610679573014 202
12245 1610679573108 202
12246 1610679573201 202
12247 1610679573295 203
12248 1610679573389 202
12249 1610679573483 202
12250 1610679573577 204
12251 1610679573671 202
12252 1610679573765 204
12253 1610679573859 207
12254 1610679573953 204
12255 1610679574047 206
12256 1610679574141 205
12257 1610679574235 203
12258 1610679574329 205
12259 1610679574421 206
12260 1610679574515 206
12261 1610679574609 205
12262 1610679574703 206
12263 1610679574797 201
12264 1610679574891 202
12265 1610679574985 202
12266 1610679575079 204
12267 1610679575173 204
12268 1610679575267 203
12269 1610679575361 202
12270 1610679575455 204
12271 1610679575549 204
12272 1610679575638 205
12273 1610679575732 202
12274 1610679575826 205
12275 1610679575920 207
12276 1610679576014 203
12277 1610679576108 202
12278 1610679576202 204
12279 1610679576296 205
12280 1610679576390 203
12281 1610679576484 206
12282 1610679576578 202
12283 1610679576672 206
12284 1610679576766 206
12285 1610679576855 202
12286 1610679576949 204
12287 1610679577043 203
12288 1610679577137 204
12289 1610679577231 205
12290 1610679577325 205
12291 1610679577419 201
12292 1610679577513 203
12293 1610679577607 203
12294 1610679577701 204
12295 1610679577795 202
12296 1610679577889 208
12297 1610679577983 204
12298 1610679578076 204
12299 1610679578170 204
12300 1610679578264 203
12301 1610679578358 205
12302 1610679578452 202
12303 1610679578546 204
12304 1610679578640 203
12305 1610679578734 205
12306 1610679578828 205
12307 1610679578922 204
12308 1610679579016 202
12309 1610679579110 204
12310 1610679579204 202
12311 1610679579292 204
12312 1610679579386 209
12313 1610679579480 202
12314 1610679579574 203
12315 1610679579668 204
12316 1610679579762 204
12317 1610679579856 204
12318 1610679579950 205
12319 1610679580044 203
12320 1610679580138 202
12321 1610679580232 202
12322 1610679580326 203
12323 1610679580420 207
12324 1610679580511 206
12325 1610679580606 207
12326 1610679580701 202
12327 1610679580796 201
12328 1610679580891 209
12329 1610679580986 202
12330 1610679581081 205
12331 1610679581176 205
12332 1610679581271 201
12333 1610679581366 201
12334 1610679581461 201
12335 1610679581556 202
12336 1610679581651 205
12337 1610679581740 203
12338 1610679581834 203
12339 1610679581928 204
12340 1610679582022 203
12341 1610679582116 203
12342 1610679582210 205
12343 1610679582304 206
12344 1610679582398 201
12345 1610679582492 208
12346 1610679582586 205
12347 1610679582680 203
12348 1610679582774 203
12349 1610679582868 206
12350 1610679582959 201
12351 1610679583053 203
12352 1610679583147 201
12353 1610679583241 205
12354 1610679583335 203
12355 1610679583429 200
12356 1610679583523 206
12357 1610679583617 200
12358 1610679583711 208
12359 1610679583805 205
12360 1610679583899 205
12361 1610679583993 207
12362 1610679584087 201
12363 1610679584177 203
12364 1610679584271 204
12365 1610679584365 205
12366 1610679584459 206
12367 1610679584553 204
12368 1610679584647 204
12369 1610679584741 205
12370 1610679584835 201
12371 1610679584929 202
12372 1610679585023 203
12373 1610679585117 204
12374 1610679585211 201
12375 1610679585305 202
12376 1610679585405 200
12377 1610679585499 203
12378 1610679585593 202
12379 1610679585687 199
12380 1610679585781 201
12381 1610679585875 198
12382 1610679585969 195
12383 1610679586063 190
12384 1610679586157 179
12385 1610679586251 165
12386 1610679586345 130
12387 1610679586439 70
12388 1610679586533 -43
12389 1610679586632 110
12390 1610679586726 160
12391 1610679586820 355
12392 1610679586914 310
12393 1610679587008 173
12394 1610679587102 385
12395 1610679587196 354
12396 1610679587290 232
12397 1610679587384 371
12398 1610679587478 222
12399 1610679587572 215
12400 1610679587666 207
12401 1610679587760 207
12402 1610679587855 202
12403 1610679587949 203
12404 1610679588043 203
12405 1610679588137 203
12406 1610679588231 203
12407 1610679588325 204
12408 1610679588419 203
12409 1610679588513 203
12410 1610679588607 199
12411 1610679588701 201
12412 1610679588795 201
12413 1610679588889 202
12414 1610679588983 207
12415 1610679589082 203
12416 1610679589176 202
12417 1610679589270 203
12418 1610679589364 203
12419 1610679589458 204
12420 1610679589552 206
12421 1610679589646 201
12422 1610679589740 206
12423 1610679589834 205
12424 1610679589928 204
12425 1610679590022 206
12426 1610679590116 203
12427 1610679590210 205
12428 1610679590308 202
12429 1610679590402 204
12430 1610679590496 202
12431 1610679590590 203
12432 1610679590684 203
12433 1610679590778 204
12434 1610679590872 205
12435 1610679590966 200
12436 1610679591060 203
12437 1610679591154 204
12438 1610679591248 204
12439 1610679591342 203
12440 1610679591436 206
12441 1610679591528 202
12442 1610679591621 204
12443 1610679591714 204
12444 1610679591807 203
