7338 1618478177511 263
7339 1618478177605 261
7340 1618478177699 260
7341 1618478177793 262
7342 1618478177887 262
7343 1618478177981 262
7344 1618478178075 261
7345 1618478178169 261
7346 1618478178263 262
7347 1618478178357 262
7348 1618478178451 262
7349 1618478178545 260
7350 1618478178639 261
7351 1618478178733 260
7352 1618478178827 262
7353 1618478178921 266
7354 1618478179015 261
7355 1618478179109 262
7356 1618478179203 262
7357 1618478179292 261
7358 1618478179386 261
7359 1618478179480 260
7360 1618478179574 261
7361 1618478179668 263
7362 1618478179762 260
7363 1618478179856 261
7364 1618478179950 260
7365 1618478180044 262
7366 1618478180138 260
7367 1618478180232 263
7368 1618478180326 263
7369 1618478180420 267
7370 1618478180512 259
7371 1618478180606 260
7372 1618478180700 260
7373 1618478180794 260
7374 1618478180888 263
7375 1618478180982 260
7376 1618478181076 258
7377 1618478181170 260
7378 1618478181264 261
7379 1618478181358 258
7380 1618478181452 260
7381 1618478181546 260
7382 1618478181640 263
7383 1618478181730 274
7384 1618478181824 302
7385 1618478181918 369
7386 1618478182012 402
7387 1618478182106 512
7388 1618478182200 569
7389 1618478182294 297
7390 1618478182388 214
7391 1618478182482 180
7392 1618478182576 301
7393 1618478182670 487
7394 1618478182764 275
7395 1618478182858 284
7396 1618478182949 267
7397 1618478183043 267
7398 1618478183137 263
7399 1618478183231 258
7400 1618478183325 260
7401 1618478183419 260
7402 1618478183513 261
7403 1618478183607 260
7404 1618478183701 262
7405 1618478183795 261
7406 1618478183889 260
7407 1618478183983 264
7408 1618478184077 260
7409 1618478184167 260
7410 1618478184261 262
7411 1618478184355 263
7412 1618478184449 260
7413 1618478184543 261
7414 1618478184637 261
7415 1618478184731 262
7416 1618478184825 261
7417 1618478184919 262
7418 1618478185013 260
7419 1618478185107 262
7420 1618478185201 263
7421 1618478185295 259
7422 1618478185389 261
7423 1618478185484 262
7424 1618478185579 260
7425 1618478185674 263
7426 1618478185769 263
7427 1618478185864 262
7428 1618478185959 261
7429 1618478186054 263
7430 1618478186149 260
7431 1618478186244 260
7432 1618478186339 264
7433 1618478186434 265
7434 1618478186529 261
7435 1618478186623 260
7436 1618478186717 263
7437 1618478186811 261
7438 1618478186905 261
7439 1618478186999 260
7440 1618478187093 260
7441 1618478187187 264
7442 1618478187281 262
7443 1618478187375 260
7444 1618478187469 263
7445 1618478187563 262
7446 1618478187657 261
7447 1618478187751 264
7448 1618478187839 262
7449 1618478187933 262
7450 1618478188027 264
7451 1618478188121 262
7452 1618478188215 263
7453 1618478188309 260
7454 1618478188403 258
7455 1618478188497 262
7456 1618478188591 264
7457 1618478188685 260
7458 1618478188779 261
7459 1618478188873 262
7460 1618478188967 263
7461 1618478189058 260
7462 1618478189152 262
7463 1618478189246 260
7464 1618478189340 260
7465 1618478189434 262
7466 1618478189528 261
7467 1618478189622 264
7468 1618478189716 263
7469 1618478189810 261
7470 1618478189904 261
7471 1618478189998 258
7472 1618478190092 263
7473 1618478190186 262
7474 1618478190286 260
7475 1618478190380 264
7476 1618478190474 263
7477 1618478190568 261
7478 1618478190662 260
7479 1618478190756 264
7480 1618478190850 262
7481 1618478190944 261
7482 1618478191038 262
7483 1618478191132 263
7484 1618478191226 261
7485 1618478191320 266
7486 1618478191414 264
7487 1618478191507 260
7488 1618478191601 263
7489 1618478191695 263
7490 1618478191789 261
7491 1618478191883 260
7492 1618478191977 260
7493 1618478192071 260
7494 1618478192165 262
7495 1618478192259 261
7496 1618478192353 264
7497 1618478192447 260
7498 1618478192541 259
7499 1618478192635 260
7500 1618478192731 262
7501 1618478192825 260
7502 1618478192919 262
7503 1618478193013 265
7504 1618478193107 260
7505 1618478193201 261
7506 1618478193295 260
7507 1618478193389 260
7508 1618478193483 262
7509 1618478193577 265
7510 1618478193671 262
7511 1618478193765 262
7512 1618478193859 260
7513 1618478193948 262
7514 1618478194042 260
7515 1618478194136 262
7516 1618478194230 261
7517 1618478194324 262
7518 1618478194418 260
7519 1618478194512 260
7520 1618478194606 260
7521 1618478194700 261
7522 1618478194794 262
7523 1618478194888 260
7524 1618478194982 260
7525 1618478195076 260
7526 1618478195168 262
7527 1618478195262 261
7528 1618478195356 260
7529 1618478195450 261
7530 1618478195544 263
7531 1618478195638 267
7532 1618478195732 264
7533 1618478195826 268
7534 1618478195920 285
7535 1618478196014 268
7536 1618478196108 295
7537 1618478196202 279
7538 1618478196296 342
7539 1618478196385 481
7540 1618478196480 422
7541 1618478196575 286
7542 1618478196670 195
7543 1618478196765 186
7544 1618478196860 204
7545 1618478196955 197
7546 1618478197050 257
7547 1618478197145 354
7548 1618478197240 534
7549 1618478197335 517
7550 1618478197430 514
7551 1618478197525 436
7552 1618478197622 390
7553 1618478197716 346
7554 1618478197810 305
7555 1618478197904 283
7556 1618478197998 271
7557 1618478198092 262
7558 1618478198186 263
7559 1618478198280 259
7560 1618478198374 258
7561 1618478198468 260
7562 1618478198562 260
7563 1618478198656 257
7564 1618478198750 259
7565 1618478198841 259
7566 1618478198935 260
7567 1618478199029 260
7568 1618478199123 259
7569 1618478199217 259
7570 1618478199311 260
7571 1618478199405 260
7572 1618478199499 260
7573 1618478199593 263
7574 1618478199687 262
7575 1618478199781 262
7576 1618478199875 260
7577 1618478199969 262
7578 1618478200057 264
7579 1618478200151 262
7580 1618478200245 263
7581 1618478200339 260
7582 1618478200433 262
7583 1618478200527 261
7584 1618478200621 260
7585 1618478200715 260
7586 1618478200809 260
7587 1618478200903 262
7588 1618478200997 262
7589 1618478201091 260
7590 1618478201185 260
7591 1618478201278 261
7592 1618478201372 262
7593 1618478201466 263
7594 1618478201560 261
7595 1618478201654 261
7596 1618478201748 263
7597 1618478201842 262
7598 1618478201936 263
7599 1618478202030 260
7600 1618478202124 260
7601 1618478202218 263
7602 1618478202312 261
7603 1618478202406 263
7604 1618478202498 263
7605 1618478202592 260
7606 1618478202686 260
7607 1618478202780 264
7608 1618478202874 262
7609 1618478202968 261
7610 1618478203062 261
7611 1618478203156 261
7612 1618478203250 261
7613 1618478203344 261
7614 1618478203438 260
