6985 1618478149115 232
6986 1618478149210 229
6987 1618478149305 228
6988 1618478149400 228
6989 1618478149495 229
6990 1618478149590 229
6991 1618478149685 224
6992 1618478149780 230
6993 1618478149873 229
6994 1618478149969 230
6995 1618478150065 230
6996 1618478150161 230
6997 1618478150257 226
6998 1618478150353 229
6999 1618478150449 226
7000 1618478150545 230
7001 1618478150641 226
7002 1618478150737 228
7003 1618478150833 227
7004 1618478150929 230
7005 1618478151025 233
7006 1618478151125 228
7007 1618478151218 230
7008 1618478151311 229
7009 1618478151404 228
7010 1618478151497 230
7011 1618478151590 226
7012 1618478151683 230
7013 1618478151776 229
7014 1618478151869 228
7015 1618478151962 227
7016 1618478152055 227
7017 1618478152148 227
7018 1618478152241 226
7019 1618478152328 225
7020 1618478152422 227
7021 1618478152516 229
7022 1618478152610 228
7023 1618478152704 225
7024 1618478152798 232
7025 1618478152892 231
7026 1618478152986 241
7027 1618478153080 359
7028 1618478153174 377
7029 1618478153268 484
7030 1618478153362 462
7031 1618478153456 264
7032 1618478153546 162
7033 1618478153641 206
7034 1618478153736 387
7035 1618478153831 281
7036 1618478153926 240
7037 1618478154021 237
7038 1618478154116 230
7039 1618478154211 230
7040 1618478154306 231
7041 1618478154401 230
7042 1618478154496 229
7043 1618478154591 229
7044 1618478154686 229
7045 1618478154779 228
7046 1618478154873 228
7047 1618478154967 227
7048 1618478155061 231
7049 1618478155155 229
7050 1618478155249 229
7051 1618478155343 234
7052 1618478155437 230
7053 1618478155531 226
7054 1618478155625 229
7055 1618478155719 226
7056 1618478155813 228
7057 1618478155907 228
7058 1618478156007 229
7059 1618478156102 228
7060 1618478156197 228
7061 1618478156292 230
7062 1618478156387 230
7063 1618478156482 228
7064 1618478156577 230
7065 1618478156672 229
7066 1618478156767 227
7067 1618478156862 228
7068 1618478156957 229
7069 1618478157052 230
7070 1618478157147 226
7071 1618478157243 229
7072 1618478157337 229
7073 1618478157431 230
7074 1618478157525 227
7075 1618478157619 229
7076 1618478157713 228
7077 1618478157807 230
7078 1618478157901 229
7079 1618478157995 228
7080 1618478158089 227
7081 1618478158183 227
7082 1618478158277 229
7083 1618478158371 225
7084 1618478158459 229
7085 1618478158553 230
7086 1618478158647 229
7087 1618478158741 229
7088 1618478158835 228
7089 1618478158929 225
7090 1618478159023 230
7091 1618478159117 229
7092 1618478159211 230
7093 1618478159305 228
7094 1618478159399 234
7095 1618478159493 225
7096 1618478159587 230
7097 1618478159680 227
7098 1618478159774 230
7099 1618478159868 227
7100 1618478159962 230
7101 1618478160056 226
7102 1618478160150 229
7103 1618478160244 230
7104 1618478160338 231
7105 1618478160432 230
7106 1618478160526 230
7107 1618478160620 228
7108 1618478160714 229
7109 1618478160808 229
7110 1618478160899 233
7111 1618478160997 228
7112 1618478161095 230
7113 1618478161193 229
7114 1618478161291 230
7115 1618478161389 226
7116 1618478161487 230
7117 1618478161585 228
7118 1618478161683 230
7119 1618478161781 228
7120 1618478161879 230
7121 1618478161977 228
7122 1618478162075 230
7123 1618478162179 225
7124 1618478162269 227
7125 1618478162359 223
7126 1618478162449 232
7127 1618478162539 227
7128 1618478162629 226
7129 1618478162719 229
7130 1618478162809 228
7131 1618478162899 226
7132 1618478162989 228
7133 1618478163079 229
7134 1618478163169 230
7135 1618478163259 230
7136 1618478163343 229
7137 1618478163438 228
7138 1618478163533 229
7139 1618478163628 225
7140 1618478163723 230
7141 1618478163818 227
7142 1618478163913 229
7143 1618478164008 225
7144 1618478164103 227
7145 1618478164198 228
7146 1618478164293 228
7147 1618478164388 228
7148 1618478164483 229
7149 1618478164578 229
7150 1618478164672 229
7151 1618478164766 229
7152 1618478164860 229
7153 1618478164954 229
7154 1618478165048 229
7155 1618478165142 228
7156 1618478165236 230
7157 1618478165330 227
7158 1618478165424 228
7159 1618478165518 227
7160 1618478165612 233
7161 1618478165706 231
7162 1618478165797 234
7163 1618478165891 230
7164 1618478165985 230
7165 1618478166079 232
7166 1618478166173 230
7167 1618478166267 231
7168 1618478166361 233
7169 1618478166455 230
7170 1618478166549 245
7171 1618478166643 222
7172 1618478166737 255
7173 1618478166831 251
7174 1618478166925 338
7175 1618478167013 352
7176 1618478167107 407
7177 1618478167201 355
7178 1618478167295 277
7179 1618478167389 204
7180 1618478167483 155
7181 1618478167577 199
7182 1618478167671 186
7183 1618478167765 202
7184 1618478167859 285
7185 1618478167953 374
7186 1618478168047 499
7187 1618478168141 519
7188 1618478168235 491
7189 1618478168329 474
7190 1618478168423 408
7191 1618478168517 371
7192 1618478168611 336
7193 1618478168705 298
7194 1618478168799 262
7195 1618478168893 245
7196 1618478168987 234
7197 1618478169081 231
7198 1618478169175 229
7199 1618478169269 226
7200 1618478169363 226
7201 1618478169452 224
7202 1618478169546 226
7203 1618478169640 226
7204 1618478169734 229
7205 1618478169828 225
7206 1618478169922 222
7207 1618478170016 228
7208 1618478170110 225
7209 1618478170204 224
7210 1618478170298 229
7211 1618478170392 226
7212 1618478170486 225
7213 1618478170580 226
7214 1618478170672 231
7215 1618478170766 229
7216 1618478170860 226
7217 1618478170954 230
7218 1618478171048 226
7219 1618478171142 229
7220 1618478171236 228
7221 1618478171330 227
7222 1618478171424 227
7223 1618478171518 229
7224 1618478171612 228
7225 1618478171706 230
7226 1618478171800 228
7227 1618478171890 229
7228 1618478171984 228
7229 1618478172078 230
7230 1618478172172 229
7231 1618478172266 227
7232 1618478172360 229
7233 1618478172454 229
7234 1618478172548 229
7235 1618478172642 229
7236 1618478172736 229
7237 1618478172830 228
7238 1618478172924 229
7239 1618478173018 230
7240 1618478173109 229
7241 1618478173203 229
7242 1618478173297 227
