3291 1618477371993 235
3292 1618477372087 236
3293 1618477372181 236
3294 1618477372275 234
3295 1618477372369 237
3296 1618477372463 236
3297 1618477372557 236
3298 1618477372651 236
3299 1618477372745 237
3300 1618477372839 237
3301 1618477372933 233
3302 1618477373025 232
3303 1618477373119 234
3304 1618477373213 236
3305 1618477373307 239
3306 1618477373401 237
3307 1618477373495 236
3308 1618477373589 238
3309 1618477373683 237
3310 1618477373777 232
3311 1618477373871 234
3312 1618477373965 236
3313 1618477374059 234
3314 1618477374153 235
3315 1618477374244 234
3316 1618477374338 234
3317 1618477374432 234
3318 1618477374526 235
3319 1618477374620 234
3320 1618477374714 235
3321 1618477374808 232
3322 1618477374902 235
3323 1618477374996 234
3324 1618477375090 231
3325 1618477375184 230
3326 1618477375278 232
3327 1618477375372 230
3328 1618477375460 234
3329 1618477375554 228
3330 1618477375648 222
3331 1618477375742 208
3332 1618477375836 182
3333 1618477375930 161
3334 1618477376024 208
3335 1618477376118 220
3336 1618477376212 291
3337 1618477376306 282
3338 1618477376400 232
3339 1618477376494 198
3340 1618477376588 155
3341 1618477376680 124
3342 1618477376774 159
3343 1618477376868 212
3344 1618477376962 327
3345 1618477377056 298
3346 1618477377150 332
3347 1618477377244 312
3348 1618477377338 308
3349 1618477377432 294
3350 1618477377526 277
3351 1618477377620 263
3352 1618477377714 256
3353 1618477377808 254
3354 1618477377897 246
3355 1618477377991 239
3356 1618477378085 241
3357 1618477378179 242
3358 1618477378273 238
3359 1618477378367 238
3360 1618477378461 237
3361 1618477378555 236
3362 1618477378649 236
3363 1618477378743 235
3364 1618477378837 234
3365 1618477378931 234
3366 1618477379025 237
3367 1618477379118 234
3368 1618477379212 238
3369 1618477379306 236
3370 1618477379400 236
3371 1618477379494 236
3372 1618477379588 237
3373 1618477379682 236
3374 1618477379776 236
3375 1618477379870 234
3376 1618477379964 237
3377 1618477380058 237
3378 1618477380152 234
3379 1618477380246 236
3380 1618477380336 236
3381 1618477380431 235
3382 1618477380526 234
3383 1618477380621 231
3384 1618477380716 237
3385 1618477380811 236
3386 1618477380906 234
3387 1618477381001 234
3388 1618477381096 232
3389 1618477381191 233
3390 1618477381286 235
3391 1618477381381 232
3392 1618477381476 237
3393 1618477381568 237
3394 1618477381662 236
3395 1618477381756 235
3396 1618477381850 234
3397 1618477381944 237
3398 1618477382038 235
3399 1618477382132 232
3400 1618477382226 235
3401 1618477382320 236
3402 1618477382414 235
3403 1618477382508 236
3404 1618477382602 237
3405 1618477382696 237
3406 1618477382786 233
3407 1618477382881 237
3408 1618477382976 236
3409 1618477383071 237
3410 1618477383166 234
3411 1618477383261 236
3412 1618477383356 238
3413 1618477383451 237
3414 1618477383546 242
3415 1618477383641 234
3416 1618477383736 235
3417 1618477383831 236
3418 1618477383926 236
3419 1618477384016 233
3420 1618477384110 233
3421 1618477384204 235
3422 1618477384298 237
3423 1618477384392 237
3424 1618477384486 237
3425 1618477384580 234
3426 1618477384674 236
3427 1618477384768 235
3428 1618477384862 237
3429 1618477384956 237
3430 1618477385050 236
3431 1618477385144 234
3432 1618477385235 234
3433 1618477385329 237
3434 1618477385423 237
3435 1618477385517 235
3436 1618477385611 238
3437 1618477385705 239
3438 1618477385799 237
3439 1618477385893 237
3440 1618477385987 237
3441 1618477386081 237
3442 1618477386175 238
3443 1618477386269 237
3444 1618477386363 242
3445 1618477386452 243
3446 1618477386547 245
3447 1618477386642 249
3448 1618477386737 260
3449 1618477386832 274
3450 1618477386927 312
3451 1618477387022 314
3452 1618477387117 310
3453 1618477387212 271
3454 1618477387307 152
3455 1618477387402 162
3456 1618477387497 233
3457 1618477387592 278
3458 1618477387690 191
3459 1618477387785 160
3460 1618477387880 217
3461 1618477387975 229
3462 1618477388070 230
3463 1618477388165 230
3464 1618477388260 232
3465 1618477388355 230
3466 1618477388450 235
3467 1618477388545 235
3468 1618477388640 231
3469 1618477388735 230
3470 1618477388830 233
3471 1618477388920 235
3472 1618477389014 232
3473 1618477389108 233
3474 1618477389202 233
3475 1618477389296 234
3476 1618477389390 234
3477 1618477389484 232
3478 1618477389578 235
3479 1618477389672 235
3480 1618477389766 233
3481 1618477389860 231
3482 1618477389954 233
3483 1618477390048 235
3484 1618477390140 236
3485 1618477390234 235
3486 1618477390328 236
3487 1618477390422 232
3488 1618477390516 232
3489 1618477390610 233
3490 1618477390704 235
3491 1618477390798 232
3492 1618477390892 232
3493 1618477390986 234
3494 1618477391080 237
3495 1618477391174 232
3496 1618477391268 235
3497 1618477391359 231
3498 1618477391454 234
3499 1618477391549 235
3500 1618477391644 233
3501 1618477391739 233
3502 1618477391834 232
3503 1618477391929 235
3504 1618477392024 230
3505 1618477392119 233
3506 1618477392214 234
3507 1618477392309 232
3508 1618477392404 232
3509 1618477392499 229
3510 1618477392593 236
3511 1618477392687 234
3512 1618477392781 234
3513 1618477392875 237
