7584 1618476693084 380
7585 1618476693178 380
7586 1618476693272 382
7587 1618476693366 380
7588 1618476693460 381
7589 1618476693554 379
7590 1618476693648 380
7591 1618476693742 381
7592 1618476693831 382
7593 1618476693925 382
7594 1618476694019 378
7595 1618476694113 380
7596 1618476694207 386
7597 1618476694301 379
7598 1618476694395 380
7599 1618476694489 379
7600 1618476694583 379
7601 1618476694677 380
7602 1618476694771 382
7603 1618476694865 380
7604 1618476694959 380
7605 1618476695049 381
7606 1618476695143 380
7607 1618476695237 380
7608 1618476695331 381
7609 1618476695425 379
7610 1618476695519 378
7611 1618476695613 380
7612 1618476695707 380
7613 1618476695801 379
7614 1618476695895 380
7615 1618476695989 380
7616 1618476696083 378
7617 1618476696177 380
7618 1618476696271 378
7619 1618476696364 379
7620 1618476696457 378
7621 1618476696550 377
7622 1618476696643 377
7623 1618476696736 379
7624 1618476696829 376
7625 1618476696922 374
7626 1618476697015 374
7627 1618476697108 373
7628 1618476697201 380
7629 1618476697294 365
7630 1618476697387 353
7631 1618476697486 345
7632 1618476697580 320
7633 1618476697674 307
7634 1618476697768 346
7635 1618476697862 356
7636 1618476697956 424
7637 1618476698050 413
7638 1618476698144 371
7639 1618476698238 343
7640 1618476698332 336
7641 1618476698426 309
7642 1618476698520 283
7643 1618476698614 290
7644 1618476698707 335
7645 1618476698801 436
7646 1618476698895 427
7647 1618476698989 477
7648 1618476699083 464
7649 1618476699177 461
7650 1618476699271 448
7651 1618476699365 433
7652 1618476699459 416
7653 1618476699553 409
7654 1618476699647 399
7655 1618476699741 394
7656 1618476699835 391
7657 1618476699925 390
7658 1618476700020 384
7659 1618476700115 385
7660 1618476700210 385
7661 1618476700305 381
7662 1618476700400 381
7663 1618476700495 385
7664 1618476700590 381
7665 1618476700685 381
7666 1618476700780 381
7667 1618476700875 382
7668 1618476700970 380
7669 1618476701065 387
7670 1618476701159 380
7671 1618476701253 380
7672 1618476701347 382
7673 1618476701441 380
7674 1618476701535 380
7675 1618476701629 382
7676 1618476701723 380
7677 1618476701817 380
7678 1618476701911 380
7679 1618476702005 380
7680 1618476702099 379
7681 1618476702193 379
7682 1618476702287 380
7683 1618476702379 380
7684 1618476702473 380
7685 1618476702567 380
7686 1618476702661 380
7687 1618476702755 381
7688 1618476702849 382
7689 1618476702943 382
7690 1618476703037 380
7691 1618476703131 386
7692 1618476703225 379
7693 1618476703319 380
7694 1618476703413 380
7695 1618476703507 381
7696 1618476703598 381
7697 1618476703692 380
7698 1618476703786 380
7699 1618476703880 380
7700 1618476703974 378
7701 1618476704068 380
7702 1618476704162 379
7703 1618476704256 380
7704 1618476704350 381
7705 1618476704444 380
7706 1618476704538 379
7707 1618476704632 381
7708 1618476704726 381
7709 1618476704819 380
7710 1618476704913 380
7711 1618476705007 380
7712 1618476705101 380
7713 1618476705195 381
7714 1618476705289 382
7715 1618476705383 380
7716 1618476705477 379
7717 1618476705571 378
7718 1618476705665 380
7719 1618476705759 380
7720 1618476705853 384
7721 1618476705947 382
7722 1618476706037 378
7723 1618476706132 382
7724 1618476706227 380
7725 1618476706322 384
7726 1618476706417 379
7727 1618476706512 380
7728 1618476706607 380
7729 1618476706702 380
7730 1618476706797 382
7731 1618476706892 381
7732 1618476706987 380
7733 1618476707082 379
7734 1618476707177 380
7735 1618476707268 379
7736 1618476707363 381
7737 1618476707458 380
7738 1618476707553 380
7739 1618476707648 377
7740 1618476707743 380
7741 1618476707838 380
7742 1618476707933 380
7743 1618476708028 380
7744 1618476708123 381
7745 1618476708218 380
7746 1618476708313 380
7747 1618476708408 381
7748 1618476708503 376
7749 1618476708597 380
7750 1618476708691 380
7751 1618476708785 380
7752 1618476708879 380
7753 1618476708973 380
7754 1618476709067 382
7755 1618476709161 381
7756 1618476709255 381
7757 1618476709349 380
7758 1618476709443 381
7759 1618476709537 380
7760 1618476709631 384
7761 1618476709722 380
7762 1618476709816 380
7763 1618476709910 380
7764 1618476710004 385
7765 1618476710098 379
7766 1618476710192 380
7767 1618476710286 380
7768 1618476710380 381
7769 1618476710474 379
7770 1618476710568 380
7771 1618476710662 379
7772 1618476710756 380
7773 1618476710850 383
7774 1618476710943 379
7775 1618476711038 378
7776 1618476711133 380
7777 1618476711228 379
7778 1618476711323 382
7779 1618476711418 380
7780 1618476711513 381
7781 1618476711608 381
7782 1618476711703 382
7783 1618476711798 379
7784 1618476711893 380
7785 1618476711988 380
7786 1618476712083 379
7787 1618476712176 380
7788 1618476712271 380
7789 1618476712366 382
7790 1618476712461 380
7791 1618476712556 380
7792 1618476712651 380
7793 1618476712746 381
7794 1618476712841 380
7795 1618476712936 382
7796 1618476713031 381
7797 1618476713126 380
7798 1618476713221 380
7799 1618476713316 383
7800 1618476713412 384
7801 1618476713506 380
7802 1618476713600 384
7803 1618476713694 387
7804 1618476713788 388
7805 1618476713882 391
7806 1618476713976 400
7807 1618476714070 423
7808 1618476714164 462
7809 1618476714258 464
7810 1618476714352 314
7811 1618476714446 304
7812 1618476714540 352
7813 1618476714629 384
7814 1618476714723 402
7815 1618476714817 358
7816 1618476714911 312
7817 1618476715005 353
7818 1618476715099 368
7819 1618476715193 375
7820 1618476715287 375
7821 1618476715381 374
7822 1618476715475 377
7823 1618476715569 380
7824 1618476715663 380
7825 1618476715757 377
7826 1618476715850 380
7827 1618476715944 380
7828 1618476716038 380
7829 1618476716132 380
7830 1618476716226 380
7831 1618476716320 379
7832 1618476716414 378
7833 1618476716508 385
7834 1618476716602 380
7835 1618476716696 379
7836 1618476716790 382
7837 1618476716884 379
7838 1618476716978 380
7839 1618476717070 381
7840 1618476717164 378
7841 1618476717258 380
7842 1618476717352 381
7843 1618476717446 381
7844 1618476717540 380
7845 1618476717634 377
7846 1618476717728 377
7847 1618476717822 378
7848 1618476717916 380
7849 1618476718010 386
7850 1618476718104 382
7851 1618476718198 380
7852 1618476718287 380
7853 1618476718381 378
7854 1618476718475 380
7855 1618476718569 382
7856 1618476718663 378
7857 1618476718757 379
7858 1618476718851 378
7859 1618476718945 379
7860 1618476719039 379
7861 1618476719133 380
7862 1618476719227 380
7863 1618476719321 382
7864 1618476719415 381
7865 1618476719506 387
7866 1618476719600 378
7867 1618476719694 380
7868 1618476719788 380
7869 1618476719882 379
7870 1618476719976 378
7871 1618476720070 380
