18207 1616114398483 197
18208 1616114398577 196
18209 1616114398671 196
18210 1616114398765 197
18211 1616114398859 195
18212 1616114398953 198
18213 1616114399045 198
18214 1616114399139 199
18215 1616114399233 198
18216 1616114399327 197
18217 1616114399421 195
18218 1616114399515 196
18219 1616114399609 198
18220 1616114399703 199
18221 1616114399797 200
18222 1616114399891 198
18223 1616114399985 196
18224 1616114400079 199
18225 1616114400173 198
18226 1616114400265 195
18227 1616114400360 198
18228 1616114400455 198
18229 1616114400550 198
18230 1616114400645 197
18231 1616114400740 200
18232 1616114400835 198
18233 1616114400930 197
18234 1616114401025 199
18235 1616114401120 196
18236 1616114401215 196
18237 1616114401310 199
18238 1616114401405 198
18239 1616114401498 198
18240 1616114401592 199
18241 1616114401686 198
18242 1616114401780 195
18243 1616114401874 197
18244 1616114401968 199
18245 1616114402062 199
18246 1616114402156 198
18247 1616114402250 200
18248 1616114402344 197
18249 1616114402438 200
18250 1616114402532 198
18251 1616114402626 194
18252 1616114402716 200
18253 1616114402810 200
18254 1616114402904 194
18255 1616114402998 196
18256 1616114403092 205
18257 1616114403186 194
18258 1616114403280 196
18259 1616114403374 200
18260 1616114403468 198
18261 1616114403562 197
18262 1616114403656 199
18263 1616114403750 196
18264 1616114403844 200
18265 1616114403934 197
18266 1616114404029 199
18267 1616114404124 194
18268 1616114404219 200
18269 1616114404314 199
18270 1616114404409 200
18271 1616114404504 196
18272 1616114404599 204
18273 1616114404694 196
18274 1616114404789 198
18275 1616114404884 197
18276 1616114404979 205
18277 1616114405074 196
18278 1616114405174 199
18279 1616114405269 196
18280 1616114405364 198
18281 1616114405459 200
18282 1616114405554 197
18283 1616114405649 197
18284 1616114405744 200
18285 1616114405839 200
18286 1616114405934 197
18287 1616114406029 200
18288 1616114406124 198
18289 1616114406219 197
18290 1616114406314 200
18291 1616114406405 196
18292 1616114406499 196
18293 1616114406593 195
18294 1616114406687 198
18295 1616114406781 197
18296 1616114406875 198
18297 1616114406969 199
18298 1616114407063 194
18299 1616114407157 196
18300 1616114407251 199
18301 1616114407345 196
18302 1616114407439 197
18303 1616114407533 199
18304 1616114407623 195
18305 1616114407717 193
18306 1616114407811 197
18307 1616114407905 195
18308 1616114407999 198
18309 1616114408093 198
18310 1616114408187 190
18311 1616114408281 191
18312 1616114408375 190
18313 1616114408469 186
18314 1616114408563 184
18315 1616114408657 184
18316 1616114408751 185
18317 1616114408844 179
18318 1616114408938 168
18319 1616114409032 168
18320 1616114409126 172
18321 1616114409220 182
18322 1616114409314 192
18323 1616114409408 195
18324 1616114409502 195
18325 1616114409596 197
18326 1616114409690 195
18327 1616114409784 195
18328 1616114409878 198
18329 1616114409972 197
18330 1616114410060 198
18331 1616114410154 196
18332 1616114410248 196
18333 1616114410342 199
18334 1616114410436 197
18335 1616114410530 194
18336 1616114410624 199
18337 1616114410718 200
18338 1616114410812 199
18339 1616114410906 194
18340 1616114411000 194
18341 1616114411094 198
18342 1616114411188 196
18343 1616114411280 200
18344 1616114411374 198
18345 1616114411468 196
18346 1616114411562 196
18347 1616114411656 197
18348 1616114411750 195
18349 1616114411844 200
18350 1616114411938 196
18351 1616114412032 197
18352 1616114412126 199
18353 1616114412220 197
18354 1616114412314 200
18355 1616114412408 196
18356 1616114412497 200
18357 1616114412591 206
18358 1616114412685 199
18359 1616114412779 196
18360 1616114412873 198
18361 1616114412967 195
18362 1616114413061 199
18363 1616114413155 194
18364 1616114413249 199
18365 1616114413343 196
18366 1616114413437 194
18367 1616114413531 196
18368 1616114413625 198
18369 1616114413718 196
18370 1616114413812 199
18371 1616114413906 196
18372 1616114414000 198
18373 1616114414094 204
18374 1616114414188 195
18375 1616114414282 197
18376 1616114414376 200
18377 1616114414470 200
18378 1616114414564 196
18379 1616114414658 199
18380 1616114414752 196
18381 1616114414846 199
18382 1616114414935 200
18383 1616114415029 195
18384 1616114415123 197
18385 1616114415217 197
18386 1616114415311 198
18387 1616114415405 200
18388 1616114415499 196
18389 1616114415593 197
18390 1616114415687 200
18391 1616114415781 198
18392 1616114415875 197
18393 1616114415969 199
18394 1616114416063 197
18395 1616114416154 197
18396 1616114416248 198
18397 1616114416342 199
18398 1616114416436 197
18399 1616114416530 198
18400 1616114416624 198
18401 1616114416718 199
18402 1616114416812 195
18403 1616114416906 195
18404 1616114417000 199
18405 1616114417094 199
18406 1616114417188 196
18407 1616114417282 196
18408 1616114417376 198
18409 1616114417471 196
18410 1616114417566 198
18411 1616114417661 196
18412 1616114417756 200
18413 1616114417851 196
18414 1616114417946 196
18415 1616114418041 197
18416 1616114418136 200
18417 1616114418231 195
18418 1616114418326 198
18419 1616114418421 197
18420 1616114418516 197
18421 1616114418607 197
18422 1616114418701 199
18423 1616114418795 196
18424 1616114418889 193
18425 1616114418983 197
18426 1616114419077 193
18427 1616114419171 197
18428 1616114419265 190
18429 1616114419359 190
18430 1616114419453 191
18431 1616114419547 190
18432 1616114419641 185
18433 1616114419735 178
18434 1616114419827 182
18435 1616114419922 182
18436 1616114420017 181
18437 1616114420112 173
18438 1616114420207 174
18439 1616114420302 177
18440 1616114420397 182
18441 1616114420492 185
18442 1616114420587 184
18443 1616114420682 187
18444 1616114420777 190
18445 1616114420872 192
18446 1616114420967 191
18447 1616114421060 196
18448 1616114421154 196
18449 1616114421248 192
18450 1616114421342 196
18451 1616114421436 194
18452 1616114421530 197
18453 1616114421624 197
18454 1616114421718 196
18455 1616114421812 198
18456 1616114421906 196
18457 1616114422000 198
18458 1616114422094 199
18459 1616114422188 197
18460 1616114422280 198
18461 1616114422374 199
18462 1616114422468 197
18463 1616114422562 197
18464 1616114422656 198
18465 1616114422750 197
18466 1616114422844 196
18467 1616114422938 196
18468 1616114423032 199
18469 1616114423126 198
18470 1616114423220 199
18471 1616114423314 200
18472 1616114423408 196
18473 1616114423499 196
18474 1616114423593 199
18475 1616114423687 197
18476 1616114423781 200
18477 1616114423875 198
18478 1616114423969 195
18479 1616114424063 197
18480 1616114424157 194
18481 1616114424251 196
18482 1616114424345 201
18483 1616114424439 198
18484 1616114424533 199
18485 1616114424627 196
18486 1616114424718 196
18487 1616114424812 198
18488 1616114424906 197
18489 1616114425000 196
18490 1616114425094 197
18491 1616114425188 197
18492 1616114425282 199
18493 1616114425376 197
18494 1616114425470 197
18495 1616114425564 197
18496 1616114425658 200
18497 1616114425752 200
18498 1616114425846 196
18499 1616114425935 200
18500 1616114426029 195
18501 1616114426123 198
18502 1616114426217 199
18503 1616114426311 199
