365 1618477097072 266
366 1618477097166 261
367 1618477097260 261
368 1618477097354 263
369 1618477097448 262
370 1618477097542 260
371 1618477097636 264
372 1618477097730 260
373 1618477097824 260
374 1618477097918 262
375 1618477098012 262
376 1618477098106 261
377 1618477098195 262
378 1618477098289 261
379 1618477098383 261
380 1618477098477 264
381 1618477098571 260
382 1618477098665 261
383 1618477098759 261
384 1618477098853 261
385 1618477098947 260
386 1618477099041 261
387 1618477099135 260
388 1618477099229 261
389 1618477099323 262
390 1618477099415 260
391 1618477099509 260
392 1618477099603 260
393 1618477099697 261
394 1618477099791 261
395 1618477099885 260
396 1618477099979 262
397 1618477100073 265
398 1618477100167 260
399 1618477100261 265
400 1618477100355 263
401 1618477100449 264
402 1618477100543 262
403 1618477100635 267
404 1618477100754 263
405 1618477100873 275
406 1618477100992 309
407 1618477101111 332
408 1618477101230 405
409 1618477101349 334
410 1618477101468 282
411 1618477101587 377
412 1618477101706 398
413 1618477101825 341
414 1618477101944 281
415 1618477102063 249
416 1618477102180 220
417 1618477102250 238
418 1618477102320 255
419 1618477102390 320
420 1618477102460 383
421 1618477102530 496
422 1618477102600 640
423 1618477102670 549
424 1618477102740 525
425 1618477102810 465
426 1618477102880 388
427 1618477102950 364
428 1618477103020 339
429 1618477103089 309
430 1618477103183 290
431 1618477103277 279
432 1618477103371 269
433 1618477103465 265
434 1618477103559 264
435 1618477103653 260
436 1618477103747 258
437 1618477103841 260
438 1618477103935 260
439 1618477104029 259
440 1618477104123 259
441 1618477104217 260
442 1618477104307 260
443 1618477104402 259
444 1618477104497 259
445 1618477104592 257
446 1618477104687 262
447 1618477104782 258
448 1618477104877 260
449 1618477104972 259
450 1618477105067 261
451 1618477105162 259
452 1618477105257 261
453 1618477105352 258
454 1618477105447 262
455 1618477105540 259
456 1618477105634 260
457 1618477105728 260
458 1618477105822 261
459 1618477105916 260
460 1618477106010 258
461 1618477106104 260
462 1618477106198 260
463 1618477106292 260
464 1618477106386 260
465 1618477106480 262
466 1618477106574 263
467 1618477106668 260
468 1618477106760 260
469 1618477106854 264
470 1618477106948 263
471 1618477107042 261
472 1618477107136 259
473 1618477107230 263
474 1618477107324 260
475 1618477107418 261
476 1618477107512 260
477 1618477107606 258
478 1618477107700 260
479 1618477107794 261
480 1618477107888 260
481 1618477107979 260
482 1618477108072 265
483 1618477108165 263
484 1618477108258 258
485 1618477108351 258
486 1618477108444 261
487 1618477108537 262
488 1618477108630 260
489 1618477108723 260
490 1618477108816 260
491 1618477108909 260
492 1618477109002 265
493 1618477109095 262
494 1618477109193 260
495 1618477109287 261
496 1618477109381 260
497 1618477109475 260
498 1618477109569 266
499 1618477109663 260
500 1618477109757 262
501 1618477109851 261
502 1618477109945 260
503 1618477110039 259
504 1618477110133 261
505 1618477110227 260
506 1618477110321 260
507 1618477110413 261
508 1618477110507 260
509 1618477110601 260
510 1618477110695 259
511 1618477110789 267
512 1618477110883 260
513 1618477110977 264
514 1618477111071 266
515 1618477111165 264
516 1618477111259 260
517 1618477111353 264
518 1618477111447 260
519 1618477111541 261
520 1618477111634 261
521 1618477111729 260
522 1618477111824 260
523 1618477111919 260
524 1618477112014 264
525 1618477112109 260
526 1618477112204 260
527 1618477112299 259
528 1618477112394 259
529 1618477112489 260
530 1618477112584 264
531 1618477112679 262
532 1618477112774 260
533 1618477112866 260
534 1618477112960 261
535 1618477113054 262
536 1618477113148 262
537 1618477113242 259
538 1618477113336 260
539 1618477113430 259
540 1618477113524 260
541 1618477113618 259
542 1618477113712 260
543 1618477113806 268
544 1618477113900 279
545 1618477113994 312
546 1618477114088 363
547 1618477114182 431
548 1618477114276 520
549 1618477114370 617
550 1618477114464 373
551 1618477114558 228
552 1618477114652 221
553 1618477114746 217
554 1618477114840 377
555 1618477114934 405
556 1618477115028 300
557 1618477115122 290
558 1618477115216 272
559 1618477115304 264
560 1618477115398 265
561 1618477115492 261
562 1618477115586 262
563 1618477115680 260
564 1618477115774 263
565 1618477115868 260
566 1618477115962 260
567 1618477116056 262
568 1618477116150 261
569 1618477116244 261
570 1618477116338 262
571 1618477116432 260
572 1618477116530 260
573 1618477116624 260
574 1618477116718 258
575 1618477116812 262
576 1618477116906 260
577 1618477117000 261
578 1618477117094 263
579 1618477117188 261
580 1618477117282 262
581 1618477117376 261
582 1618477117470 260
583 1618477117564 260
584 1618477117658 260
585 1618477117751 263
586 1618477117845 260
587 1618477117939 260
588 1618477118033 263
589 1618477118127 260
590 1618477118221 261
591 1618477118315 260
592 1618477118409 263
593 1618477118503 262
594 1618477118597 262
595 1618477118691 260
596 1618477118785 263
597 1618477118879 262
598 1618477118971 262
599 1618477119065 262
600 1618477119159 260
601 1618477119253 261
602 1618477119347 260
603 1618477119441 260
604 1618477119535 263
