14966	1616114094122	194	0
14967	1616114094216	200	0
14968	1616114094310	198	0
14969	1616114094404	199	0
14970	1616114094498	200	0
14971	1616114094592	198	0
14972	1616114094686	198	0
14973	1616114094780	200	0
14974	1616114094874	198	0
14975	1616114094968	198	0
14976	1616114095059	200	0
14977	1616114095153	199	0
14978	1616114095247	197	0
14979	1616114095341	200	0
14980	1616114095435	198	0
14981	1616114095529	197	0
14982	1616114095623	200	0
14983	1616114095717	201	0
14984	1616114095811	201	0
14985	1616114095905	199	0
14986	1616114095999	196	0
14987	1616114096093	196	0
14988	1616114096187	198	0
14989	1616114096277	200	0
14990	1616114096371	198	0
14991	1616114096465	198	0
14992	1616114096559	197	0
14993	1616114096653	197	0
14994	1616114096747	199	0
14995	1616114096841	199	0
14996	1616114096935	199	0
14997	1616114097029	197	0
14998	1616114097123	199	0
14999	1616114097217	202	0
15000	1616114097311	198	0
15001	1616114097405	199	0
15002	1616114097497	198	0
15003	1616114097592	197	0
15004	1616114097687	201	0
15005	1616114097782	199	0
15006	1616114097877	198	0
15007	1616114097972	201	0
15008	1616114098067	199	0
15009	1616114098162	198	0
15010	1616114098257	201	0
15011	1616114098352	197	0
15012	1616114098447	198	0
15013	1616114098542	200	0
15014	1616114098637	199	0
15015	1616114098733	197	0
15016	1616114098827	199	0
15017	1616114098921	198	0
15018	1616114099015	198	0
15019	1616114099109	198	0
15020	1616114099203	199	0
15021	1616114099297	199	0
15022	1616114099391	198	0
15023	1616114099485	197	0
15024	1616114099579	199	0
15025	1616114099673	199	0
15026	1616114099767	197	0
15027	1616114099861	200	0
15028	1616114099949	194	0
15029	1616114100043	196	0
15030	1616114100137	202	1
15031	1616114100231	193	1
15032	1616114100325	198	1
15033	1616114100419	193	1
15034	1616114100513	190	1
15035	1616114100607	192	1
15036	1616114100701	190	1
15037	1616114100795	182	1
15038	1616114100889	177	1
15039	1616114100983	170	1
15040	1616114101077	165	1
15041	1616114101169	167	1
15042	1616114101263	168	1
15043	1616114101357	172	1
15044	1616114101451	182	1
15045	1616114101545	194	1
15046	1616114101639	199	1
15047	1616114101733	200	1
15048	1616114101827	200	1
15049	1616114101921	193	1
15050	1616114102015	190	1
15051	1616114102109	186	1
15052	1616114102203	185	1
15053	1616114102297	190	1
15054	1616114102388	193	1
15055	1616114102482	194	1
15056	1616114102576	196	0
15057	1616114102670	193	0
15058	1616114102764	198	0
15059	1616114102858	196	0
15060	1616114102952	199	0
15061	1616114103046	193	0
15062	1616114103140	204	0
15063	1616114103234	199	0
15064	1616114103328	198	0
15065	1616114103422	199	0
15066	1616114103516	198	0
15067	1616114103608	200	0
15068	1616114103702	196	0
15069	1616114103796	199	0
15070	1616114103890	198	0
15071	1616114103984	197	0
15072	1616114104078	197	0
15073	1616114104172	196	0
15074	1616114104266	199	0
15075	1616114104360	196	0
15076	1616114104454	200	0
15077	1616114104548	197	0
15078	1616114104642	201	0
15079	1616114104736	196	0
15080	1616114104827	199	0
15081	1616114104921	198	0
15082	1616114105015	199	0
15083	1616114105109	197	0
15084	1616114105203	195	0
15085	1616114105297	196	0
15086	1616114105391	197	0
15087	1616114105485	200	0
15088	1616114105579	198	0
15089	1616114105673	196	0
15090	1616114105767	197	0
15091	1616114105861	199	0
15092	1616114105955	197	0
15093	1616114106043	200	0
15094	1616114106137	196	0
15095	1616114106231	197	0
15096	1616114106325	196	0
15097	1616114106419	198	0
15098	1616114106513	198	0
15099	1616114106607	198	0
15100	1616114106701	200	0
15101	1616114106795	200	0
15102	1616114106889	197	0
15103	1616114106983	199	0
15104	1616114107077	198	0
15105	1616114107171	199	0
15106	1616114107264	197	0
15107	1616114107358	198	0
15108	1616114107452	202	0
15109	1616114107546	198	0
15110	1616114107640	200	0
15111	1616114107734	195	0
15112	1616114107828	198	0
15113	1616114107922	200	0
15114	1616114108016	196	0
15115	1616114108110	196	0
15116	1616114108204	197	0
15117	1616114108298	198	0
15118	1616114108392	199	0
15119	1616114108481	197	0
15120	1616114108575	198	0
15121	1616114108669	196	0
15122	1616114108763	197	0
15123	1616114108857	199	0
15124	1616114108951	197	0
15125	1616114109045	196	0
15126	1616114109139	196	0
15127	1616114109233	194	0
15128	1616114109327	193	0
15129	1616114109421	195	0
15130	1616114109515	192	1
15131	1616114109609	191	1
15132	1616114109699	185	1
15133	1616114109793	185	1
15134	1616114109887	177	1
15135	1616114109981	173	1
15136	1616114110075	170	1
15137	1616114110169	171	1
15138	1616114110263	173	1
15139	1616114110357	175	1
15140	1616114110451	180	1
15141	1616114110545	189	1
15142	1616114110639	197	1
15143	1616114110733	199	1
15144	1616114110827	200	1
15145	1616114110919	198	1
15146	1616114111013	201	1
15147	1616114111107	198	1
15148	1616114111201	197	1
15149	1616114111295	198	1
15150	1616114111389	203	1
15151	1616114111483	196	0
15152	1616114111577	198	0
15153	1616114111671	199	0
15154	1616114111765	194	0
15155	1616114111859	196	0
15156	1616114111953	199	0
15157	1616114112047	198	0
15158	1616114112138	201	0
15159	1616114112232	198	0
15160	1616114112326	200	0
15161	1616114112420	199	0
15162	1616114112514	198	0
15163	1616114112608	195	0
15164	1616114112702	200	0
15165	1616114112796	198	0
15166	1616114112890	197	0
15167	1616114112984	201	0
15168	1616114113078	195	0
15169	1616114113172	196	0
15170	1616114113266	199	0
15171	1616114113360	198	0
15172	1616114113454	197	0
15173	1616114113548	199	0
15174	1616114113642	197	0
15175	1616114113736	200	0
15176	1616114113830	198	0
15177	1616114113924	200	0
15178	1616114114018	198	0
15179	1616114114112	197	0
15180	1616114114206	200	0
15181	1616114114300	197	0
15182	1616114114394	197	0
15183	1616114114488	199	0
15184	1616114114577	200	0
15185	1616114114671	198	0
15186	1616114114765	200	0
