6624 1610679042932 164
6625 1610679043026 165
6626 1610679043120 162
6627 1610679043214 163
6628 1610679043308 166
6629 1610679043402 164
6630 1610679043492 164
6631 1610679043586 162
6632 1610679043680 165
6633 1610679043774 162
6634 1610679043868 163
6635 1610679043962 167
6636 1610679044056 163
6637 1610679044150 164
6638 1610679044244 162
6639 1610679044338 163
6640 1610679044432 160
6641 1610679044526 162
6642 1610679044620 162
6643 1610679044712 165
6644 1610679044806 163
6645 1610679044900 162
6646 1610679044994 163
6647 1610679045088 161
6648 1610679045182 160
6649 1610679045276 156
6650 1610679045370 -40
6651 1610679045464 -67
6652 1610679045558 133
6653 1610679045652 180
6654 1610679045746 261
6655 1610679045840 169
6656 1610679045929 185
6657 1610679046023 326
6658 1610679046117 247
6659 1610679046211 194
6660 1610679046305 179
6661 1610679046399 171
6662 1610679046493 167
6663 1610679046587 162
6664 1610679046681 165
6665 1610679046775 165
6666 1610679046869 163
6667 1610679046963 165
6668 1610679047057 165
6669 1610679047151 165
6670 1610679047245 162
6671 1610679047339 164
6672 1610679047433 162
6673 1610679047527 162
6674 1610679047621 166
6675 1610679047715 164
6676 1610679047809 165
6677 1610679047903 163
6678 1610679047997 163
6679 1610679048091 166
6680 1610679048185 163
6681 1610679048279 165
6682 1610679048369 165
6683 1610679048463 166
6684 1610679048557 164
6685 1610679048651 166
6686 1610679048745 162
6687 1610679048839 164
6688 1610679048933 164
6689 1610679049027 165
6690 1610679049121 164
6691 1610679049215 167
6692 1610679049309 167
6693 1610679049403 167
6694 1610679049497 167
6695 1610679049588 171
6696 1610679049682 167
6697 1610679049776 169
6698 1610679049870 172
6699 1610679049964 179
6700 1610679050058 182
6701 1610679050152 190
6702 1610679050246 207
6703 1610679050340 246
6704 1610679050434 380
6705 1610679050528 258
6706 1610679050622 -55
6707 1610679050716 67
6708 1610679050806 86
6709 1610679050900 -257
6710 1610679050994 -30
6711 1610679051088 183
6712 1610679051182 278
6713 1610679051276 221
6714 1610679051370 196
6715 1610679051464 180
6716 1610679051558 175
6717 1610679051652 172
6718 1610679051746 166
6719 1610679051840 169
6720 1610679051934 167
6721 1610679052026 167
6722 1610679052120 166
6723 1610679052214 163
6724 1610679052308 163
6725 1610679052402 161
6726 1610679052496 165
6727 1610679052590 162
6728 1610679052684 164
6729 1610679052778 164
6730 1610679052872 164
6731 1610679052966 164
6732 1610679053060 162
6733 1610679053154 163
6734 1610679053252 164
6735 1610679053346 167
6736 1610679053440 163
6737 1610679053534 165
6738 1610679053628 163
6739 1610679053722 166
6740 1610679053816 164
6741 1610679053910 163
6742 1610679054004 164
6743 1610679054098 163
6744 1610679054192 164
6745 1610679054286 163
6746 1610679054380 165
6747 1610679054474 165
