790 1616112735150 -79
791 1616112735244 -86
792 1616112735338 -86
793 1616112735438 -83
794 1616112735532 -88
795 1616112735626 -85
796 1616112735720 -87
797 1616112735814 -88
798 1616112735908 -82
799 1616112736002 -88
800 1616112736096 -83
801 1616112736190 -86
802 1616112736284 -84
803 1616112736378 -84
804 1616112736472 -86
805 1616112736566 -86
806 1616112736655 -84
807 1616112736749 -85
808 1616112736843 -84
809 1616112736937 -87
810 1616112737031 -86
811 1616112737125 -82
812 1616112737219 -86
813 1616112737313 -86
814 1616112737407 -87
815 1616112737501 -83
816 1616112737595 -92
817 1616112737689 -86
818 1616112737783 -84
819 1616112737875 -84
820 1616112737969 -86
821 1616112738063 -85
822 1616112738157 -84
823 1616112738251 -84
824 1616112738345 -83
825 1616112738439 -86
826 1616112738533 -85
827 1616112738627 -82
828 1616112738721 -82
829 1616112738815 -82
830 1616112738909 -85
831 1616112739003 -81
832 1616112739093 -89
833 1616112739188 -83
834 1616112739283 -83
835 1616112739378 -83
836 1616112739473 -82
837 1616112739568 -80
838 1616112739663 -80
839 1616112739758 -79
840 1616112739853 -77
841 1616112739948 -72
842 1616112740043 -63
843 1616112740138 -50
844 1616112740233 -31
845 1616112740322 -11
846 1616112740416 18
847 1616112740510 126
848 1616112740604 176
849 1616112740698 97
850 1616112740792 32
851 1616112740886 55
852 1616112740980 -122
853 1616112741074 -40
854 1616112741168 -74
855 1616112741262 30
856 1616112741356 101
857 1616112741450 -150
858 1616112741540 -229
859 1616112741635 -190
860 1616112741730 -157
861 1616112741825 -121
862 1616112741920 -104
863 1616112742015 -95
864 1616112742110 -93
865 1616112742205 -93
866 1616112742300 -89
867 1616112742395 -87
868 1616112742490 -86
869 1616112742585 -88
870 1616112742680 -86
871 1616112742774 -86
872 1616112742868 -87
873 1616112742962 -86
874 1616112743056 -87
875 1616112743150 -86
876 1616112743244 -86
877 1616112743338 -87
878 1616112743432 -84
879 1616112743526 -85
880 1616112743620 -82
881 1616112743714 -86
882 1616112743808 -85
883 1616112743902 -84
884 1616112743994 -87
885 1616112744088 -84
886 1616112744182 -84
887 1616112744276 -86
888 1616112744370 -81
889 1616112744464 -85
890 1616112744558 -88
891 1616112744652 -84
892 1616112744746 -84
893 1616112744840 -83
894 1616112744934 -85
895 1616112745028 -87
896 1616112745122 -84
897 1616112745213 -88
898 1616112745307 -83
899 1616112745401 -84
900 1616112745495 -89
901 1616112745589 -86
902 1616112745683 -85
903 1616112745777 -87
904 1616112745871 -84
905 1616112745965 -84
906 1616112746059 -85
907 1616112746153 -85
908 1616112746247 -83
909 1616112746341 -85
910 1616112746435 -86
911 1616112746529 -88
912 1616112746623 -85
913 1616112746717 -84
914 1616112746811 -86
915 1616112746905 -85
916 1616112746999 -90
917 1616112747093 -84
918 1616112747187 -85
919 1616112747281 -84
920 1616112747375 -82
921 1616112747469 -84
922 1616112747563 -89
923 1616112747653 -82
924 1616112747746 -87
925 1616112747839 -86
926 1616112747932 -88
927 1616112748025 -83
928 1616112748118 -86
929 1616112748211 -84
930 1616112748304 -83
931 1616112748397 -82
932 1616112748490 -87
933 1616112748583 -86
934 1616112748676 -86
935 1616112748769 -82
936 1616112748868 -84
937 1616112748962 -87
938 1616112749056 -85
939 1616112749150 -85
940 1616112749244 -84
941 1616112749338 -87
942 1616112749432 -83
943 1616112749526 -83
944 1616112749620 -83
945 1616112749714 -86
946 1616112749808 -83
947 1616112749902 -82
948 1616112749996 -81
949 1616112750086 -82
950 1616112750180 -84
951 1616112750274 -84
952 1616112750368 -83
953 1616112750462 -81
954 1616112750556 -82
955 1616112750650 -80
956 1616112750744 -80
957 1616112750838 -79
958 1616112750932 -79
959 1616112751026 -77
960 1616112751120 -76
961 1616112751214 -73
962 1616112751305 -68
963 1616112751399 -67
964 1616112751493 -63
965 1616112751587 -58
966 1616112751681 -41
967 1616112751775 -40
968 1616112751869 -24
969 1616112751963 -5
970 1616112752057 20
971 1616112752151 51
972 1616112752245 57
973 1616112752339 -37
974 1616112752433 -156
975 1616112752521 -149
976 1616112752615 -98
977 1616112752709 -154
978 1616112752803 -246
979 1616112752897 -247
980 1616112752991 -141
981 1616112753085 -100
982 1616112753179 -146
983 1616112753273 -175
984 1616112753367 -93
985 1616112753461 -59
986 1616112753555 -117
987 1616112753649 -265
988 1616112753743 -213
989 1616112753837 -164
990 1616112753931 -140
991 1616112754025 -119
992 1616112754119 -109
993 1616112754213 -101
994 1616112754307 -97
995 1616112754401 -95
996 1616112754495 -90
997 1616112754589 -90
998 1616112754683 -90
999 1616112754777 -88
1000 1616112754871 -88
1001 1616112754961 -87
1002 1616112755055 -88
1003 1616112755149 -85
1004 1616112755243 -86
1005 1616112755337 -87
1006 1616112755431 -90
1007 1616112755525 -86
1008 1616112755619 -88
1009 1616112755713 -84
1010 1616112755807 -90
1011 1616112755901 -87
1012 1616112755995 -84
1013 1616112756089 -84
1014 1616112756182 -84
1015 1616112756276 -85
1016 1616112756370 -88
1017 1616112756464 -87
1018 1616112756558 -86
1019 1616112756652 -90
1020 1616112756746 -85
1021 1616112756840 -86
1022 1616112756934 -90
1023 1616112757028 -87
