5388 1618476486677 229
5389 1618476486771 230
5390 1618476486865 233
5391 1618476486959 231
5392 1618476487053 229
5393 1618476487147 228
5394 1618476487241 231
5395 1618476487334 230
5396 1618476487428 227
5397 1618476487522 230
5398 1618476487616 229
5399 1618476487710 230
5400 1618476487804 230
5401 1618476487898 230
5402 1618476487992 230
5403 1618476488086 230
5404 1618476488180 226
5405 1618476488274 230
5406 1618476488368 230
5407 1618476488462 227
5408 1618476488551 226
5409 1618476488645 228
5410 1618476488739 231
5411 1618476488833 230
5412 1618476488927 230
5413 1618476489021 230
5414 1618476489115 231
5415 1618476489209 228
5416 1618476489303 227
5417 1618476489397 229
5418 1618476489491 230
5419 1618476489585 229
5420 1618476489679 228
5421 1618476489769 228
5422 1618476489863 230
5423 1618476489957 230
5424 1618476490051 228
5425 1618476490145 230
5426 1618476490239 229
5427 1618476490333 227
5428 1618476490427 229
5429 1618476490521 227
5430 1618476490615 230
5431 1618476490709 231
5432 1618476490803 230
5433 1618476490897 228
5434 1618476490988 227
5435 1618476491082 230
5436 1618476491176 229
5437 1618476491270 229
5438 1618476491364 230
5439 1618476491458 230
5440 1618476491552 227
5441 1618476491646 229
5442 1618476491740 228
5443 1618476491834 228
5444 1618476491928 225
5445 1618476492022 230
5446 1618476492116 230
5447 1618476492208 227
5448 1618476492303 229
5449 1618476492398 230
5450 1618476492493 230
5451 1618476492588 230
5452 1618476492683 233
5453 1618476492778 230
5454 1618476492873 234
5455 1618476492968 232
5456 1618476493063 231
5457 1618476493158 232
5458 1618476493253 249
5459 1618476493348 260
5460 1618476493441 250
5461 1618476493535 277
5462 1618476493629 253
5463 1618476493723 267
5464 1618476493817 448
5465 1618476493911 417
5466 1618476494005 294
5467 1618476494099 205
5468 1618476494193 146
5469 1618476494287 174
5470 1618476494381 189
5471 1618476494475 185
5472 1618476494569 242
5473 1618476494661 355
5474 1618476494755 539
5475 1618476494849 573
5476 1618476494943 486
5477 1618476495037 468
5478 1618476495131 376
5479 1618476495225 345
5480 1618476495319 318
5481 1618476495413 285
5482 1618476495507 255
5483 1618476495601 245
5484 1618476495695 237
5485 1618476495789 232
5486 1618476495877 230
5487 1618476495971 230
5488 1618476496065 226
5489 1618476496159 222
5490 1618476496253 225
5491 1618476496347 227
5492 1618476496441 223
5493 1618476496535 226
5494 1618476496629 227
5495 1618476496723 228
5496 1618476496817 227
5497 1618476496911 229
5498 1618476497005 229
5499 1618476497097 230
5500 1618476497191 230
5501 1618476497285 228
5502 1618476497379 227
5503 1618476497473 233
5504 1618476497567 231
5505 1618476497661 226
5506 1618476497755 227
5507 1618476497849 229
5508 1618476497943 228
5509 1618476498037 229
5510 1618476498131 231
5511 1618476498225 229
5512 1618476498318 230
5513 1618476498412 229
5514 1618476498506 230
5515 1618476498600 232
5516 1618476498694 227
5517 1618476498788 231
5518 1618476498882 228
5519 1618476498976 235
5520 1618476499070 229
5521 1618476499164 228
5522 1618476499258 230
5523 1618476499352 231
5524 1618476499446 229
5525 1618476499536 229
5526 1618476499630 230
5527 1618476499724 230
5528 1618476499818 231
5529 1618476499912 229
5530 1618476500006 228
5531 1618476500100 228
5532 1618476500194 227
5533 1618476500288 230
5534 1618476500382 228
5535 1618476500476 232
5536 1618476500570 229
5537 1618476500664 229
5538 1618476500754 231
5539 1618476500848 229
5540 1618476500942 228
5541 1618476501036 230
5542 1618476501130 230
5543 1618476501224 228
5544 1618476501318 230
5545 1618476501412 228
5546 1618476501506 229
5547 1618476501600 230
5548 1618476501694 228
5549 1618476501788 231
5550 1618476501882 227
5551 1618476501975 229
5552 1618476502069 226
5553 1618476502163 228
5554 1618476502257 230
5555 1618476502351 230
5556 1618476502445 230
5557 1618476502539 230
5558 1618476502633 229
5559 1618476502727 229
5560 1618476502821 230
5561 1618476502915 231
5562 1618476503009 227
5563 1618476503103 231
5564 1618476503192 229
5565 1618476503286 229
5566 1618476503380 230
5567 1618476503474 226
5568 1618476503568 227
5569 1618476503662 228
5570 1618476503756 229
5571 1618476503850 228
5572 1618476503944 230
5573 1618476504038 228
5574 1618476504132 230
5575 1618476504226 230
5576 1618476504320 228
5577 1618476504410 230
5578 1618476504504 232
5579 1618476504598 233
5580 1618476504692 230
5581 1618476504786 231
5582 1618476504880 230
5583 1618476504974 227
5584 1618476505068 232
5585 1618476505162 231
5586 1618476505256 229
5587 1618476505350 229
5588 1618476505444 229
5589 1618476505538 228
5590 1618476505631 231
5591 1618476505725 231
5592 1618476505819 229
5593 1618476505913 231
5594 1618476506007 230
5595 1618476506101 230
5596 1618476506195 231
5597 1618476506289 230
5598 1618476506383 230
5599 1618476506477 229
5600 1618476506571 229
5601 1618476506665 228
5602 1618476506759 230
5603 1618476506850 230
5604 1618476506944 230
5605 1618476507038 232
5606 1618476507132 232
5607 1618476507226 231
5608 1618476507320 230
5609 1618476507414 229
5610 1618476507508 230
5611 1618476507602 229
5612 1618476507696 230
5613 1618476507790 230
5614 1618476507884 230
5615 1618476507978 230
5616 1618476508070 231
5617 1618476508163 236
5618 1618476508256 229
5619 1618476508349 229
5620 1618476508442 227
5621 1618476508535 230
5622 1618476508628 227
5623 1618476508721 229
5624 1618476508814 230
5625 1618476508907 228
5626 1618476509000 230
5627 1618476509093 230
5628 1618476509186 230
5629 1618476509285 228
5630 1618476509379 230
5631 1618476509473 230
5632 1618476509567 228
5633 1618476509661 230
5634 1618476509755 233
5635 1618476509849 230
5636 1618476509943 230
5637 1618476510037 230
5638 1618476510131 229
5639 1618476510225 227
5640 1618476510319 232
5641 1618476510413 229
5642 1618476510513 231
5643 1618476510607 232
5644 1618476510701 230
5645 1618476510795 227
5646 1618476510889 228
5647 1618476510983 229
5648 1618476511077 228
5649 1618476511171 229
5650 1618476511265 230
5651 1618476511359 227
5652 1618476511453 231
5653 1618476511547 226
5654 1618476511641 228
5655 1618476511733 236
5656 1618476511828 229
5657 1618476511923 229
5658 1618476512018 228
5659 1618476512113 227
5660 1618476512208 230
5661 1618476512303 229
5662 1618476512398 228
5663 1618476512493 226
5664 1618476512588 228
5665 1618476512683 226
5666 1618476512778 228
5667 1618476512873 228
5668 1618476512962 232
5669 1618476513057 249
5670 1618476513152 422
5671 1618476513247 425
5672 1618476513342 481
5673 1618476513437 352
5674 1618476513532 203
5675 1618476513627 197
5676 1618476513722 335
5677 1618476513817 355
5678 1618476513912 270
5679 1618476514007 245
5680 1618476514102 231
5681 1618476514191 232
5682 1618476514285 230
5683 1618476514379 230
5684 1618476514473 231
5685 1618476514567 230
5686 1618476514661 229
5687 1618476514755 229
5688 1618476514849 230
5689 1618476514943 230
5690 1618476515037 228
5691 1618476515131 230
5692 1618476515225 230
5693 1618476515319 230
5694 1618476515411 230
5695 1618476515505 230
5696 1618476515599 229
5697 1618476515693 228
5698 1618476515787 230
5699 1618476515881 231
5700 1618476515975 229
5701 1618476516069 230
5702 1618476516163 227
5703 1618476516257 231
5704 1618476516351 230
5705 1618476516445 229
5706 1618476516539 231
5707 1618476516632 235
5708 1618476516726 229
5709 1618476516820 228
5710 1618476516914 231
5711 1618476517008 229
5712 1618476517102 229
5713 1618476517196 231
5714 1618476517290 228
5715 1618476517384 229
5716 1618476517478 230
5717 1618476517572 228
5718 1618476517666 228
5719 1618476517760 230
5720 1618476517850 226
5721 1618476517946 234
5722 1618476518042 230
5723 1618476518138 232
5724 1618476518234 225
5725 1618476518330 229
5726 1618476518426 229
5727 1618476518522 229
5728 1618476518618 232
5729 1618476518714 229
5730 1618476518810 229
5731 1618476518906 230
5732 1618476519002 229
5733 1618476519092 230
5734 1618476519186 231
5735 1618476519280 229
5736 1618476519374 229
5737 1618476519468 229
5738 1618476519562 230
5739 1618476519656 229
5740 1618476519750 230
