4217 1616113069854 -115
4218 1616113069948 -117
4219 1616113070042 -113
4220 1616113070136 -116
4221 1616113070230 -116
4222 1616113070324 -117
4223 1616113070418 -117
4224 1616113070512 -117
4225 1616113070612 -118
4226 1616113070706 -116
4227 1616113070800 -115
4228 1616113070894 -117
4229 1616113070988 -116
4230 1616113071082 -113
4231 1616113071176 -117
4232 1616113071270 -114
4233 1616113071364 -117
4234 1616113071458 -116
4235 1616113071552 -116
4236 1616113071646 -118
4237 1616113071740 -116
4238 1616113071829 -117
4239 1616113071923 -117
4240 1616113072017 -115
4241 1616113072111 -117
4242 1616113072205 -117
4243 1616113072299 -117
4244 1616113072393 -116
4245 1616113072487 -121
4246 1616113072581 -117
4247 1616113072675 -118
4248 1616113072769 -116
4249 1616113072863 -119
4250 1616113072957 -119
4251 1616113073048 -117
4252 1616113073142 -117
4253 1616113073236 -118
4254 1616113073330 -121
4255 1616113073424 -117
4256 1616113073518 -118
4257 1616113073612 -119
4258 1616113073706 -121
4259 1616113073800 -118
4260 1616113073894 -121
4261 1616113073988 -124
4262 1616113074082 -120
4263 1616113074176 -123
4264 1616113074267 -123
4265 1616113074361 -122
4266 1616113074455 -119
4267 1616113074549 -112
4268 1616113074643 -110
4269 1616113074737 -99
4270 1616113074831 -92
4271 1616113074925 -82
4272 1616113075019 -81
4273 1616113075113 -75
4274 1616113075207 -73
4275 1616113075301 -76
4276 1616113075395 -79
4277 1616113075484 -93
4278 1616113075579 -95
4279 1616113075674 -113
4280 1616113075769 -129
4281 1616113075864 -137
4282 1616113075959 -143
4283 1616113076054 -144
4284 1616113076149 -143
4285 1616113076244 -137
4286 1616113076339 -137
4287 1616113076434 -134
4288 1616113076529 -125
4289 1616113076624 -125
4290 1616113076720 -124
4291 1616113076814 -120
4292 1616113076908 -118
4293 1616113077002 -119
4294 1616113077096 -121
4295 1616113077190 -116
4296 1616113077284 -117
4297 1616113077378 -115
4298 1616113077472 -116
4299 1616113077566 -118
4300 1616113077660 -115
4301 1616113077754 -117
4302 1616113077848 -116
4303 1616113077939 -117
4304 1616113078034 -115
4305 1616113078129 -117
4306 1616113078224 -118
4307 1616113078319 -117
4308 1616113078414 -117
4309 1616113078509 -117
4310 1616113078604 -118
4311 1616113078699 -117
4312 1616113078794 -117
4313 1616113078889 -119
4314 1616113078984 -116
4315 1616113079079 -117
4316 1616113079176 -115
4317 1616113079270 -116
4318 1616113079364 -115
4319 1616113079458 -117
4320 1616113079552 -117
4321 1616113079646 -115
4322 1616113079740 -114
4323 1616113079834 -115
4324 1616113079928 -116
4325 1616113080022 -117
4326 1616113080116 -116
4327 1616113080210 -117
4328 1616113080304 -116
4329 1616113080392 -114
4330 1616113080487 -119
4331 1616113080582 -115
4332 1616113080677 -117
4333 1616113080772 -116
4334 1616113080867 -115
4335 1616113080962 -116
4336 1616113081057 -117
4337 1616113081152 -115
4338 1616113081247 -116
4339 1616113081342 -115
4340 1616113081437 -117
4341 1616113081532 -117
4342 1616113081628 -112
4343 1616113081722 -115
4344 1616113081816 -116
4345 1616113081910 -117
4346 1616113082004 -118
4347 1616113082098 -117
4348 1616113082192 -118
4349 1616113082286 -114
4350 1616113082380 -117
4351 1616113082474 -117
4352 1616113082568 -115
4353 1616113082662 -117
4354 1616113082756 -113
4355 1616113082846 -113
4356 1616113082940 -114
4357 1616113083034 -115
4358 1616113083128 -118
4359 1616113083222 -115
4360 1616113083316 -114
4361 1616113083410 -115
4362 1616113083504 -115
4363 1616113083598 -116
4364 1616113083692 -118
4365 1616113083786 -118
4366 1616113083880 -116
4367 1616113083974 -115
4368 1616113084073 -115
4369 1616113084167 -116
4370 1616113084261 -116
4371 1616113084355 -115
4372 1616113084449 -115
4373 1616113084543 -117
4374 1616113084637 -116
4375 1616113084731 -116
4376 1616113084825 -117
4377 1616113084919 -114
4378 1616113085013 -112
4379 1616113085107 -117
4380 1616113085201 -117
4381 1616113085291 -116
4382 1616113085385 -119
4383 1616113085479 -114
4384 1616113085573 -115
4385 1616113085667 -114
4386 1616113085761 -116
4387 1616113085855 -116
4388 1616113085949 -116
4389 1616113086043 -116
4390 1616113086137 -115
4391 1616113086231 -117
4392 1616113086325 -115
4393 1616113086419 -113
4394 1616113086510 -115
4395 1616113086604 -115
4396 1616113086698 -112
4397 1616113086792 -118
4398 1616113086886 -118
4399 1616113086980 -115
4400 1616113087074 -117
4401 1616113087168 -117
4402 1616113087262 -116
4403 1616113087356 -116
4404 1616113087450 -118
4405 1616113087544 -114
4406 1616113087638 -117
4407 1616113087736 -113
4408 1616113087831 -118
4409 1616113087926 -117
4410 1616113088021 -116
4411 1616113088116 -115
4412 1616113088211 -116
4413 1616113088306 -117
4414 1616113088401 -114
4415 1616113088496 -121
4416 1616113088591 -116
4417 1616113088686 -115
4418 1616113088781 -117
4419 1616113088876 -117
4420 1616113088969 -118
4421 1616113089064 -116
4422 1616113089159 -113
4423 1616113089254 -115
4424 1616113089349 -115
4425 1616113089444 -115
4426 1616113089539 -117
4427 1616113089634 -114
4428 1616113089729 -113
4429 1616113089824 -118
4430 1616113089919 -115
4431 1616113090014 -117
4432 1616113090109 -114
4433 1616113090204 -114
4434 1616113090299 -122
4435 1616113090394 -115
4436 1616113090489 -117
4437 1616113090584 -116
4438 1616113090679 -119
4439 1616113090774 -117
4440 1616113090869 -120
4441 1616113090964 -118
4442 1616113091059 -115
4443 1616113091154 -114
4444 1616113091249 -117
4445 1616113091344 -115
4446 1616113091439 -119
4447 1616113091533 -117
4448 1616113091627 -119
4449 1616113091721 -121
4450 1616113091815 -117
4451 1616113091909 -120
4452 1616113092003 -121
4453 1616113092097 -120
4454 1616113092191 -119
4455 1616113092285 -121
4456 1616113092379 -124
4457 1616113092473 -125
4458 1616113092567 -127
4459 1616113092661 -130
4460 1616113092755 -130
4461 1616113092849 -133
4462 1616113092943 -129
4463 1616113093037 -117
4464 1616113093131 -98
4465 1616113093225 -79
4466 1616113093319 -70
4467 1616113093413 -67
4468 1616113093507 -77
4469 1616113093601 -90
4470 1616113093695 -97
4471 1616113093789 -101
4472 1616113093878 -99
4473 1616113093972 -100
4474 1616113094066 -103
4475 1616113094160 -114
4476 1616113094254 -120
4477 1616113094348 -127
4478 1616113094442 -127
4479 1616113094536 -128
4480 1616113094630 -127
4481 1616113094724 -124
4482 1616113094818 -123
4483 1616113094912 -120
4484 1616113095006 -117
4485 1616113095096 -118
4486 1616113095190 -117
4487 1616113095284 -121
4488 1616113095378 -118
4489 1616113095472 -116
4490 1616113095566 -118
4491 1616113095660 -115
4492 1616113095754 -115
4493 1616113095848 -118
4494 1616113095942 -115
4495 1616113096036 -119
4496 1616113096130 -119
4497 1616113096224 -113
4498 1616113096317 -115
4499 1616113096411 -116
4500 1616113096505 -117
4501 1616113096599 -116
4502 1616113096693 -115
4503 1616113096787 -119
4504 1616113096881 -117
4505 1616113096975 -114
4506 1616113097069 -114
4507 1616113097163 -112
4508 1616113097257 -116
4509 1616113097351 -117
4510 1616113097445 -117
4511 1616113097536 -117
4512 1616113097629 -115
4513 1616113097722 -116
4514 1616113097815 -115
4515 1616113097908 -120
4516 1616113098001 -114
4517 1616113098094 -117
4518 1616113098187 -117
