18552	1616114413534	212	0
18553	1616114413628	213	0
18554	1616114413722	213	0
18555	1616114413816	211	0
18556	1616114413910	213	0
18557	1616114414004	212	0
18558	1616114414098	210	0
18559	1616114414192	216	0
18560	1616114414286	211	0
18561	1616114414380	213	0
18562	1616114414474	213	0
18563	1616114414568	211	0
18564	1616114414658	212	0
18565	1616114414752	216	0
18566	1616114414846	213	0
18567	1616114414940	212	0
18568	1616114415034	213	0
18569	1616114415128	212	0
18570	1616114415222	210	0
18571	1616114415316	210	0
18572	1616114415410	209	0
18573	1616114415504	211	0
18574	1616114415598	210	0
18575	1616114415692	207	0
18576	1616114415786	207	0
18577	1616114415876	207	0
18578	1616114415971	205	0
18579	1616114416066	206	0
18580	1616114416161	203	0
18581	1616114416256	200	0
18582	1616114416351	204	0
18583	1616114416446	200	0
18584	1616114416541	197	0
18585	1616114416636	196	0
18586	1616114416731	197	0
18587	1616114416826	192	0
18588	1616114416921	189	0
18589	1616114417016	181	0
18590	1616114417112	177	1
18591	1616114417207	167	1
18592	1616114417302	153	1
18593	1616114417397	130	1
18594	1616114417492	116	1
18595	1616114417587	107	1
18596	1616114417682	104	1
18597	1616114417777	123	1
18598	1616114417872	168	1
18599	1616114417967	144	1
18600	1616114418062	325	1
18601	1616114418157	346	1
18602	1616114418252	412	1
18603	1616114418346	365	1
18604	1616114418440	371	1
18605	1616114418534	410	1
18606	1616114418628	427	1
18607	1616114418722	392	1
18608	1616114418816	321	1
18609	1616114418910	338	1
18610	1616114419004	428	1
18611	1616114419098	355	1
18612	1616114419192	305	1
18613	1616114419286	221	1
18614	1616114419380	207	1
18615	1616114419474	205	1
18616	1616114419565	207	1
18617	1616114419659	211	1
18618	1616114419753	210	1
18619	1616114419847	212	1
18620	1616114419941	217	1
18621	1616114420035	212	0
18622	1616114420129	214	0
18623	1616114420223	216	0
18624	1616114420317	214	0
18625	1616114420411	216	0
18626	1616114420505	216	0
18627	1616114420599	217	0
18628	1616114420693	220	0
18629	1616114420781	214	0
18630	1616114420875	217	0
18631	1616114420969	213	0
18632	1616114421063	217	0
18633	1616114421157	216	0
18634	1616114421251	216	0
18635	1616114421345	217	0
18636	1616114421439	215	0
18637	1616114421533	216	0
18638	1616114421627	216	0
18639	1616114421721	215	0
18640	1616114421815	214	0
18641	1616114421909	216	0
18642	1616114422002	215	0
18643	1616114422096	215	0
18644	1616114422190	222	0
18645	1616114422284	217	0
18646	1616114422378	214	0
18647	1616114422472	215	0
18648	1616114422566	217	0
18649	1616114422660	214	0
18650	1616114422754	216	0
18651	1616114422848	220	0
18652	1616114422942	217	0
18653	1616114423036	215	0
18654	1616114423130	216	0
18655	1616114423219	215	0
18656	1616114423313	216	0
18657	1616114423407	217	0
18658	1616114423501	217	0
18659	1616114423595	217	0
18660	1616114423689	222	0
18661	1616114423783	214	0
18662	1616114423877	213	0
18663	1616114423971	219	0
18664	1616114424065	215	0
18665	1616114424159	217	0
18666	1616114424253	217	0
18667	1616114424347	217	0
18668	1616114424440	216	0
18669	1616114424534	216	0
18670	1616114424628	216	0
18671	1616114424722	213	0
18672	1616114424816	217	0
18673	1616114424910	215	0
18674	1616114425004	217	0
18675	1616114425098	215	0
18676	1616114425192	220	0
18677	1616114425286	215	0
18678	1616114425380	213	0
18679	1616114425474	217	0
18680	1616114425568	216	0
18681	1616114425657	217	0
18682	1616114425751	214	0
18683	1616114425845	215	0
18684	1616114425939	217	0
18685	1616114426033	217	0
18686	1616114426127	216	0
18687	1616114426221	213	0
18688	1616114426315	217	0
18689	1616114426409	217	0
18690	1616114426503	216	0
18691	1616114426597	217	0
18692	1616114426691	215	0
18693	1616114426785	216	0
18694	1616114426879	217	0
18695	1616114426973	217	0
18696	1616114427067	215	0
18697	1616114427161	217	0
18698	1616114427255	222	0
18699	1616114427349	216	0
18700	1616114427443	214	0
18701	1616114427537	216	0
18702	1616114427631	212	0
18703	1616114427725	214	0
18704	1616114427819	216	0
18705	1616114427913	214	0
18706	1616114428007	217	0
18707	1616114428098	217	0
18708	1616114428192	217	0
18709	1616114428286	219	0
18710	1616114428380	215	0
18711	1616114428474	217	0
18712	1616114428568	217	0
18713	1616114428662	216	0
18714	1616114428756	220	0
18715	1616114428850	215	0
18716	1616114428944	217	0
18717	1616114429038	219	0
18718	1616114429132	213	0
18719	1616114429226	214	0
18720	1616114429315	214	0
18721	1616114429409	216	0
18722	1616114429503	217	0
18723	1616114429597	214	0
18724	1616114429691	215	0
18725	1616114429785	212	0
18726	1616114429879	215	0
18727	1616114429973	217	0
18728	1616114430067	217	0
18729	1616114430161	217	0
18730	1616114430255	216	0
18731	1616114430349	214	0
18732	1616114430443	215	0
18733	1616114430532	217	0
18734	1616114430626	214	0
18735	1616114430720	217	0
18736	1616114430814	217	0
18737	1616114430908	213	0
18738	1616114431002	216	0
18739	1616114431096	215	0
18740	1616114431190	217	0
18741	1616114431284	216	0
18742	1616114431378	217	0
18743	1616114431472	219	0
18744	1616114431566	222	0
18745	1616114431660	226	1
18746	1616114431753	231	1
18747	1616114431847	243	1
18748	1616114431941	248	1
18749	1616114432035	263	1
18750	1616114432129	278	1
18751	1616114432223	276	1
18752	1616114432317	217	1
18753	1616114432411	216	1
18754	1616114432505	198	1
18755	1616114432599	249	1
18756	1616114432693	186	1
18757	1616114432787	81	1
18758	1616114432881	27	1
18759	1616114432972	47	1
18760	1616114433066	32	1
18761	1616114433160	-34	1
18762	1616114433254	23	1
18763	1616114433348	25	1
18764	1616114433442	87	1
18765	1616114433536	193	1
18766	1616114433630	269	1
18767	1616114433724	437	1
18768	1616114433818	465	1
18769	1616114433912	351	1
18770	1616114434006	277	1
18771	1616114434100	244	1
18772	1616114434190	230	1
18773	1616114434284	222	1
18774	1616114434378	224	1
18775	1616114434472	216	1
18776	1616114434566	215	0
18777	1616114434660	217	0
18778	1616114434754	216	0
18779	1616114434848	215	0
18780	1616114434942	214	0
18781	1616114435036	212	0
18782	1616114435130	214	0
18783	1616114435224	214	0
18784	1616114435318	216	0
18785	1616114435408	215	0
18786	1616114435502	215	0
18787	1616114435596	215	0
18788	1616114435690	217	0
18789	1616114435784	214	0
18790	1616114435878	220	0
18791	1616114435972	214	0
18792	1616114436066	213	0
18793	1616114436160	216	0
18794	1616114436254	214	0
18795	1616114436348	216	0
18796	1616114436442	216	0
18797	1616114436536	216	0
18798	1616114436627	213	0
18799	1616114436721	214	0
18800	1616114436815	212	0
18801	1616114436909	217	0
18802	1616114437003	217	0
18803	1616114437097	212	0
18804	1616114437191	217	0
18805	1616114437285	217	0
18806	1616114437379	220	0
18807	1616114437473	216	0
18808	1616114437567	217	0
18809	1616114437661	219	0
18810	1616114437755	217	0
18811	1616114437847	214	0
18812	1616114437941	215	0
18813	1616114438035	213	0
18814	1616114438129	217	0
18815	1616114438223	214	0
18816	1616114438317	216	0
