6685 1618478120959 228
6686 1618478121053 230
6687 1618478121147 225
6688 1618478121241 229
6689 1618478121335 232
6690 1618478121429 228
6691 1618478121523 230
6692 1618478121617 227
6693 1618478121711 228
6694 1618478121803 232
6695 1618478121897 228
6696 1618478121991 228
6697 1618478122085 227
6698 1618478122179 225
6699 1618478122273 228
6700 1618478122367 230
6701 1618478122461 230
6702 1618478122555 230
6703 1618478122649 229
6704 1618478122743 229
6705 1618478122837 230
6706 1618478122931 229
6707 1618478123022 229
6708 1618478123116 228
6709 1618478123210 228
6710 1618478123304 234
6711 1618478123398 228
6712 1618478123492 227
6713 1618478123586 231
6714 1618478123680 227
6715 1618478123774 228
6716 1618478123868 227
6717 1618478123962 226
6718 1618478124056 229
6719 1618478124150 228
6720 1618478124243 229
6721 1618478124337 230
6722 1618478124431 231
6723 1618478124525 229
6724 1618478124619 226
6725 1618478124713 229
6726 1618478124807 233
6727 1618478124901 226
6728 1618478124995 227
6729 1618478125089 230
6730 1618478125183 229
6731 1618478125277 224
6732 1618478125371 230
6733 1618478125460 225
6734 1618478125554 227
6735 1618478125648 227
6736 1618478125742 225
6737 1618478125836 228
6738 1618478125930 234
6739 1618478126024 267
6740 1618478126118 337
6741 1618478126212 486
6742 1618478126306 551
6743 1618478126400 337
6744 1618478126494 175
6745 1618478126588 154
6746 1618478126679 231
6747 1618478126773 430
6748 1618478126867 242
6749 1618478126961 250
6750 1618478127055 233
6751 1618478127149 230
6752 1618478127243 231
6753 1618478127337 230
6754 1618478127431 228
6755 1618478127525 229
6756 1618478127619 226
6757 1618478127713 230
6758 1618478127807 227
6759 1618478127897 228
6760 1618478127991 226
6761 1618478128085 228
6762 1618478128179 228
6763 1618478128273 227
6764 1618478128367 227
6765 1618478128461 227
6766 1618478128555 229
6767 1618478128649 230
6768 1618478128743 230
6769 1618478128837 228
6770 1618478128931 228
6771 1618478129025 231
6772 1618478129118 228
6773 1618478129212 230
6774 1618478129306 231
6775 1618478129400 230
6776 1618478129494 230
6777 1618478129588 230
6778 1618478129682 228
6779 1618478129776 230
6780 1618478129870 225
6781 1618478129964 230
6782 1618478130058 229
6783 1618478130152 230
6784 1618478130246 228
6785 1618478130335 232
6786 1618478130429 229
6787 1618478130523 228
6788 1618478130617 228
6789 1618478130711 228
6790 1618478130805 228
6791 1618478130899 229
6792 1618478130993 228
6793 1618478131087 230
6794 1618478131181 230
6795 1618478131275 227
6796 1618478131369 228
6797 1618478131463 228
6798 1618478131553 227
6799 1618478131647 228
6800 1618478131741 227
6801 1618478131835 228
6802 1618478131929 228
6803 1618478132023 230
6804 1618478132117 229
6805 1618478132211 226
6806 1618478132305 230
6807 1618478132399 227
6808 1618478132493 231
6809 1618478132587 230
6810 1618478132681 227
6811 1618478132773 230
6812 1618478132867 228
6813 1618478132961 226
6814 1618478133055 228
6815 1618478133149 228
6816 1618478133243 227
6817 1618478133337 228
6818 1618478133431 231
6819 1618478133525 226
6820 1618478133619 228
6821 1618478133713 226
6822 1618478133807 230
6823 1618478133901 229
6824 1618478133992 228
6825 1618478134086 226
6826 1618478134180 229
6827 1618478134274 227
6828 1618478134368 225
6829 1618478134462 229
6830 1618478134556 229
6831 1618478134650 229
6832 1618478134744 227
6833 1618478134838 229
6834 1618478134932 228
6835 1618478135026 229
6836 1618478135120 228
6837 1618478135208 227
6838 1618478135302 227
6839 1618478135396 229
6840 1618478135490 228
6841 1618478135584 229
6842 1618478135678 226
6843 1618478135772 230
6844 1618478135866 225
6845 1618478135960 230
6846 1618478136054 226
6847 1618478136148 225
6848 1618478136242 224
6849 1618478136336 226
6850 1618478136427 228
6851 1618478136521 227
6852 1618478136615 230
6853 1618478136709 229
6854 1618478136803 231
6855 1618478136897 230
6856 1618478136991 230
6857 1618478137085 230
6858 1618478137179 236
6859 1618478137273 265
6860 1618478137367 262
6861 1618478137461 294
6862 1618478137555 249
6863 1618478137647 312
6864 1618478137741 437
6865 1618478137835 345
6866 1618478137929 222
6867 1618478138023 152
6868 1618478138117 167
6869 1618478138211 172
6870 1618478138305 181
6871 1618478138399 264
6872 1618478138493 400
6873 1618478138587 530
6874 1618478138681 458
6875 1618478138775 474
6876 1618478138866 379
6877 1618478138960 334
6878 1618478139054 281
6879 1618478139148 255
6880 1618478139242 238
6881 1618478139336 227
6882 1618478139430 228
6883 1618478139524 226
6884 1618478139618 222
6885 1618478139712 224
6886 1618478139806 224
6887 1618478139900 225
6888 1618478139994 223
6889 1618478140088 225
6890 1618478140181 225
6891 1618478140274 230
6892 1618478140367 227
6893 1618478140460 227
6894 1618478140553 225
6895 1618478140646 227
6896 1618478140739 226
6897 1618478140832 227
6898 1618478140925 226
6899 1618478141018 227
6900 1618478141111 227
6901 1618478141204 230
6902 1618478141302 228
6903 1618478141396 228
6904 1618478141490 230
6905 1618478141584 229
6906 1618478141678 223
6907 1618478141772 229
6908 1618478141866 229
6909 1618478141960 226
6910 1618478142054 228
6911 1618478142148 229
6912 1618478142242 224
6913 1618478142336 229
6914 1618478142430 232
6915 1618478142523 229
6916 1618478142617 230
6917 1618478142711 229
6918 1618478142805 230
6919 1618478142899 230
6920 1618478142993 228
6921 1618478143087 228
6922 1618478143181 228
6923 1618478143275 230
6924 1618478143369 228
6925 1618478143463 229
6926 1618478143557 231
6927 1618478143651 228
6928 1618478143742 230
6929 1618478143836 229
6930 1618478143930 226
