11708 1616113774377 -327
11709 1616113774471 -327
11710 1616113774565 -326
11711 1616113774659 -327
11712 1616113774753 -328
11713 1616113774844 -327
11714 1616113774938 -327
11715 1616113775032 -327
11716 1616113775126 -327
11717 1616113775220 -328
11718 1616113775314 -326
11719 1616113775408 -330
11720 1616113775502 -324
11721 1616113775596 -324
11722 1616113775690 -327
11723 1616113775784 -324
11724 1616113775878 -324
11725 1616113775972 -327
11726 1616113776060 -324
11727 1616113776154 -327
11728 1616113776248 -327
11729 1616113776342 -330
11730 1616113776436 -327
11731 1616113776530 -326
11732 1616113776624 -327
11733 1616113776718 -327
11734 1616113776812 -327
11735 1616113776906 -327
11736 1616113777000 -328
11737 1616113777094 -325
11738 1616113777188 -326
11739 1616113777281 -328
11740 1616113777375 -327
11741 1616113777469 -326
11742 1616113777563 -327
11743 1616113777657 -323
11744 1616113777751 -324
11745 1616113777845 -324
11746 1616113777939 -327
11747 1616113778033 -326
11748 1616113778127 -324
11749 1616113778221 -324
11750 1616113778315 -321
11751 1616113778409 -321
11752 1616113778501 -320
11753 1616113778595 -319
11754 1616113778689 -315
11755 1616113778783 -313
11756 1616113778877 -311
11757 1616113778971 -306
11758 1616113779065 -298
11759 1616113779159 -290
11760 1616113779253 -275
11761 1616113779347 -270
11762 1616113779441 -265
11763 1616113779535 -271
11764 1616113779629 -282
11765 1616113779719 -302
11766 1616113779813 -325
11767 1616113779907 -346
11768 1616113780001 -355
11769 1616113780095 -356
11770 1616113780189 -349
11771 1616113780283 -343
11772 1616113780377 -338
11773 1616113780471 -327
11774 1616113780565 -330
11775 1616113780659 -329
11776 1616113780753 -331
11777 1616113780847 -331
11778 1616113780937 -324
11779 1616113781031 -329
11780 1616113781125 -329
11781 1616113781219 -328
11782 1616113781313 -327
11783 1616113781407 -327
11784 1616113781501 -328
11785 1616113781595 -329
11786 1616113781689 -326
11787 1616113781783 -323
11788 1616113781877 -327
11789 1616113781971 -326
11790 1616113782065 -328
11791 1616113782163 -327
11792 1616113782257 -328
11793 1616113782351 -326
11794 1616113782445 -321
11795 1616113782539 -328
11796 1616113782633 -327
11797 1616113782727 -331
11798 1616113782821 -327
11799 1616113782915 -327
11800 1616113783009 -330
11801 1616113783103 -326
11802 1616113783197 -328
11803 1616113783291 -330
11804 1616113783382 -328
11805 1616113783477 -327
11806 1616113783572 -327
11807 1616113783667 -327
11808 1616113783762 -327
11809 1616113783857 -326
11810 1616113783952 -326
11811 1616113784047 -327
11812 1616113784142 -325
11813 1616113784237 -326
11814 1616113784332 -328
11815 1616113784427 -330
11816 1616113784522 -327
11817 1616113784615 -327
11818 1616113784709 -327
11819 1616113784803 -327
11820 1616113784897 -327
11821 1616113784991 -328
11822 1616113785085 -328
11823 1616113785179 -330
11824 1616113785273 -328
11825 1616113785367 -326
11826 1616113785461 -330
11827 1616113785555 -328
11828 1616113785649 -327
11829 1616113785743 -325
11830 1616113785835 -327
11831 1616113785930 -329
11832 1616113786025 -329
11833 1616113786120 -327
11834 1616113786215 -325
11835 1616113786310 -331
11836 1616113786405 -327
11837 1616113786500 -330
11838 1616113786595 -327
11839 1616113786690 -328
11840 1616113786785 -328
11841 1616113786880 -329
11842 1616113786975 -327
11843 1616113787071 -328
11844 1616113787165 -331
11845 1616113787259 -331
11846 1616113787353 -332
11847 1616113787447 -333
11848 1616113787541 -331
11849 1616113787635 -328
11850 1616113787729 -323
11851 1616113787823 -322
11852 1616113787917 -312
11853 1616113788011 -296
11854 1616113788105 -270
11855 1616113788199 -237
11856 1616113788289 -233
11857 1616113788383 -237
11858 1616113788477 -247
11859 1616113788571 -282
11860 1616113788665 -317
11861 1616113788759 -330
11862 1616113788853 -329
11863 1616113788947 -328
11864 1616113789041 -327
11865 1616113789135 -328
11866 1616113789229 -321
11867 1616113789323 -327
11868 1616113789417 -330
11869 1616113789511 -329
11870 1616113789604 -330
11871 1616113789697 -327
11872 1616113789790 -324
11873 1616113789883 -327
11874 1616113789976 -325
11875 1616113790069 -328
11876 1616113790162 -327
11877 1616113790255 -329
11878 1616113790348 -326
11879 1616113790441 -326
11880 1616113790534 -327
11881 1616113790627 -327
11882 1616113790725 -321
11883 1616113790820 -326
11884 1616113790915 -328
11885 1616113791010 -326
11886 1616113791105 -326
11887 1616113791200 -328
11888 1616113791295 -328
11889 1616113791390 -329
11890 1616113791485 -325
11891 1616113791580 -327
11892 1616113791675 -326
11893 1616113791770 -325
11894 1616113791865 -324
11895 1616113791961 -327
11896 1616113792055 -325
11897 1616113792149 -327
11898 1616113792243 -327
11899 1616113792337 -324
11900 1616113792431 -325
11901 1616113792525 -329
11902 1616113792619 -327
11903 1616113792713 -326
11904 1616113792807 -328
11905 1616113792901 -328
11906 1616113792995 -323
11907 1616113793089 -329
11908 1616113793179 -328
11909 1616113793273 -329
11910 1616113793367 -328
11911 1616113793461 -328
11912 1616113793555 -328
11913 1616113793649 -327
11914 1616113793743 -328
11915 1616113793837 -323
11916 1616113793931 -326
11917 1616113794025 -327
11918 1616113794119 -328
11919 1616113794213 -328
11920 1616113794307 -325
11921 1616113794396 -326
11922 1616113794491 -327
11923 1616113794586 -327
11924 1616113794681 -320
