7810	1618476720521	235	0
7811	1618476720615	232	0
7812	1618476720709	234	0
7813	1618476720801	232	0
7814	1618476720895	236	0
7815	1618476720989	233	0
7816	1618476721083	236	0
7817	1618476721177	234	0
7818	1618476721271	237	0
7819	1618476721365	235	0
7820	1618476721459	237	0
7821	1618476721553	236	0
7822	1618476721647	236	0
7823	1618476721741	235	0
7824	1618476721835	236	0
7825	1618476721929	237	0
7826	1618476722020	235	0
7827	1618476722114	236	0
7828	1618476722208	235	0
7829	1618476722302	237	0
7830	1618476722396	232	0
7831	1618476722490	237	0
7832	1618476722584	236	0
7833	1618476722678	235	0
7834	1618476722772	232	0
7835	1618476722866	236	0
7836	1618476722960	236	0
7837	1618476723054	235	0
7838	1618476723148	233	0
7839	1618476723241	235	0
7840	1618476723335	235	0
7841	1618476723429	235	0
7842	1618476723523	236	0
7843	1618476723617	236	0
7844	1618476723711	233	0
7845	1618476723805	235	0
7846	1618476723899	237	0
7847	1618476723993	234	0
7848	1618476724087	237	0
7849	1618476724181	235	0
7850	1618476724275	235	0
7851	1618476724369	236	0
7852	1618476724460	236	0
7853	1618476724554	237	0
7854	1618476724648	232	0
7855	1618476724742	233	0
7856	1618476724836	234	0
7857	1618476724930	234	0
7858	1618476725024	236	0
7859	1618476725118	234	0
7860	1618476725212	236	1
7861	1618476725306	235	1
7862	1618476725400	232	1
7863	1618476725494	233	1
7864	1618476725588	232	1
7865	1618476725678	230	1
7866	1618476725772	228	1
7867	1618476725866	228	1
7868	1618476725960	222	1
7869	1618476726054	207	1
7870	1618476726148	190	1
7871	1618476726242	191	1
7872	1618476726336	207	1
7873	1618476726430	207	1
7874	1618476726524	270	1
7875	1618476726618	296	1
7876	1618476726712	264	1
7877	1618476726806	208	1
7878	1618476726899	184	1
7879	1618476726993	162	1
7880	1618476727087	144	1
7881	1618476727181	177	1
7882	1618476727275	205	1
7883	1618476727369	325	1
7884	1618476727463	312	1
7885	1618476727557	308	1
7886	1618476727651	306	1
7887	1618476727745	295	1
7888	1618476727839	296	1
7889	1618476727933	290	1
7890	1618476728027	276	1
7891	1618476728124	267	1
7892	1618476728218	260	1
7893	1618476728312	252	1
7894	1618476728406	248	1
7895	1618476728500	246	1
7896	1618476728594	242	1
7897	1618476728688	242	1
7898	1618476728782	241	1
7899	1618476728876	240	1
7900	1618476728970	240	1
7901	1618476729064	240	0
7902	1618476729158	241	0
7903	1618476729252	237	0
7904	1618476729341	237	0
7905	1618476729435	238	0
7906	1618476729529	241	0
7907	1618476729623	237	0
7908	1618476729717	237	0
7909	1618476729811	236	0
7910	1618476729905	237	0
7911	1618476729999	237	0
7912	1618476730093	235	0
7913	1618476730187	237	0
7914	1618476730281	238	0
7915	1618476730375	238	0
7916	1618476730469	237	0
7917	1618476730559	235	0
7918	1618476730653	242	0
7919	1618476730747	237	0
7920	1618476730841	237	0
7921	1618476730935	236	0
7922	1618476731029	239	0
7923	1618476731123	238	0
7924	1618476731217	237	0
7925	1618476731311	233	0
7926	1618476731405	236	0
7927	1618476731499	236	0
7928	1618476731593	237	0
7929	1618476731687	236	0
7930	1618476731780	234	0
7931	1618476731874	237	0
7932	1618476731968	237	0
7933	1618476732062	237	0
7934	1618476732156	235	0
7935	1618476732250	236	0
7936	1618476732344	231	0
7937	1618476732438	235	0
7938	1618476732532	232	0
7939	1618476732626	240	0
7940	1618476732720	237	0
7941	1618476732814	234	0
7942	1618476732908	237	0
7943	1618476732998	237	0
7944	1618476733092	238	0
7945	1618476733186	234	0
7946	1618476733280	236	0
7947	1618476733374	235	0
7948	1618476733468	237	0
7949	1618476733562	237	0
7950	1618476733656	236	0
7951	1618476733750	236	0
7952	1618476733844	236	0
7953	1618476733938	233	0
7954	1618476734032	236	0
7955	1618476734126	242	0
7956	1618476734214	237	0
7957	1618476734308	234	0
7958	1618476734402	235	0
7959	1618476734496	235	0
7960	1618476734590	233	0
7961	1618476734684	237	0
7962	1618476734778	235	0
7963	1618476734872	235	0
7964	1618476734966	236	0
7965	1618476735060	239	0
7966	1618476735154	235	0
7967	1618476735248	233	0
7968	1618476735342	235	0
7969	1618476735437	236	0
7970	1618476735531	236	0
7971	1618476735625	240	0
7972	1618476735719	235	0
7973	1618476735813	235	0
7974	1618476735907	237	0
7975	1618476736001	236	0
7976	1618476736095	233	0
7977	1618476736189	236	0
7978	1618476736283	237	0
7979	1618476736377	235	0
7980	1618476736471	235	0
7981	1618476736565	233	0
7982	1618476736654	237	0
7983	1618476736748	234	0
7984	1618476736842	234	0
7985	1618476736936	237	0
7986	1618476737030	236	0
7987	1618476737124	242	0
7988	1618476737218	237	0
7989	1618476737312	236	0
7990	1618476737406	235	0
7991	1618476737500	237	0
7992	1618476737594	236	0
7993	1618476737688	236	0
7994	1618476737782	236	0
7995	1618476737873	235	0
7996	1618476737967	237	0
7997	1618476738061	237	0
7998	1618476738155	233	0
7999	1618476738249	236	0
8000	1618476738343	235	0
8001	1618476738437	235	0
8002	1618476738531	236	0
8003	1618476738625	240	0
8004	1618476738719	233	0
8005	1618476738813	237	0
8006	1618476738907	232	0
8007	1618476739001	236	0
8008	1618476739092	237	0
8009	1618476739186	238	0
8010	1618476739280	238	0
8011	1618476739374	237	0
8012	1618476739468	236	0
8013	1618476739562	238	0
8014	1618476739656	237	0
8015	1618476739750	238	0
8016	1618476739844	241	0
8017	1618476739938	237	0
8018	1618476740032	240	1
8019	1618476740126	245	1
8020	1618476740220	243	1
8021	1618476740310	247	1
8022	1618476740404	251	1
8023	1618476740498	260	1
8024	1618476740592	274	1
8025	1618476740686	299	1
8026	1618476740780	310	1
8027	1618476740874	267	1
8028	1618476740968	179	1
8029	1618476741062	154	1
8030	1618476741156	205	1
8031	1618476741250	227	1
8032	1618476741344	269	1
8033	1618476741438	225	1
8034	1618476741530	194	1
8035	1618476741625	158	1
8036	1618476741720	205	1
8037	1618476741815	228	1
8038	1618476741910	229	1
8039	1618476742005	231	1
8040	1618476742100	231	1
8041	1618476742195	232	0
8042	1618476742290	233	0
8043	1618476742385	234	0
8044	1618476742480	233	0
8045	1618476742575	241	0
8046	1618476742670	237	0
8047	1618476742769	233	0
8048	1618476742862	237	0
8049	1618476742955	232	0
8050	1618476743048	236	0
8051	1618476743141	234	0
8052	1618476743234	237	0
8053	1618476743327	235	0
8054	1618476743420	237	0
8055	1618476743513	233	0
8056	1618476743606	237	0
8057	1618476743699	236	0
8058	1618476743792	234	0
8059	1618476743885	237	0
8060	1618476743981	235	0
8061	1618476744075	236	0
8062	1618476744169	237	0
8063	1618476744263	236	0
8064	1618476744357	234	0
8065	1618476744451	237	0
8066	1618476744545	238	0
8067	1618476744639	232	0
8068	1618476744733	236	0
8069	1618476744827	236	0
8070	1618476744921	236	0
8071	1618476745015	234	0
8072	1618476745109	238	0
8073	1618476745207	238	0
8074	1618476745301	236	0
8075	1618476745395	235	0
8076	1618476745489	236	0
8077	1618476745583	237	0
8078	1618476745677	236	0
8079	1618476745771	234	0
8080	1618476745865	235	0
8081	1618476745959	232	0
8082	1618476746053	240	0
8083	1618476746147	233	0
8084	1618476746241	235	0
8085	1618476746335	235	0
8086	1618476746428	235	0
8087	1618476746522	241	0
8088	1618476746616	236	0
8089	1618476746710	235	0
8090	1618476746804	235	0
8091	1618476746898	236	0
8092	1618476746992	236	0
8093	1618476747086	234	0
