14076 1610679745331 203
14077 1610679745425 202
14078 1610679745519 202
14079 1610679745611 202
14080 1610679745705 203
14081 1610679745799 204
14082 1610679745893 206
14083 1610679745987 205
14084 1610679746081 201
14085 1610679746175 202
14086 1610679746269 203
14087 1610679746363 204
14088 1610679746457 203
14089 1610679746551 205
14090 1610679746645 207
14091 1610679746739 201
14092 1610679746831 201
14093 1610679746925 203
14094 1610679747019 201
14095 1610679747113 203
14096 1610679747207 202
14097 1610679747301 202
14098 1610679747395 204
14099 1610679747489 205
14100 1610679747583 203
14101 1610679747677 202
14102 1610679747771 206
14103 1610679747865 204
14104 1610679747959 205
14105 1610679748048 205
14106 1610679748151 203
14107 1610679748254 200
14108 1610679748357 202
14109 1610679748460 204
14110 1610679748563 206
14111 1610679748666 207
14112 1610679748769 207
14113 1610679748872 205
14114 1610679748975 206
14115 1610679749078 207
14116 1610679749181 210
14117 1610679749284 217
14118 1610679749387 219
14119 1610679749472 229
14120 1610679749557 247
14121 1610679749642 290
14122 1610679749727 381
14123 1610679749812 576
14124 1610679749897 565
14125 1610679749982 363
14126 1610679750067 410
14127 1610679750152 286
14128 1610679750237 124
14129 1610679750322 451
14130 1610679750407 182
14131 1610679750486 -159
14132 1610679750580 -124
14133 1610679750674 -259
14134 1610679750768 -42
14135 1610679750862 -119
14136 1610679750956 -50
14137 1610679751050 92
14138 1610679751144 140
14139 1610679751238 169
14140 1610679751332 186
14141 1610679751426 189
14142 1610679751520 195
14143 1610679751614 198
14144 1610679751711 197
14145 1610679751805 196
14146 1610679751899 200
14147 1610679751993 200
14148 1610679752087 200
14149 1610679752181 201
14150 1610679752275 203
14151 1610679752369 203
14152 1610679752463 204
14153 1610679752557 203
14154 1610679752651 201
14155 1610679752745 204
14156 1610679752839 204
14157 1610679752927 203
14158 1610679753021 201
14159 1610679753115 203
14160 1610679753209 206
14161 1610679753303 202
14162 1610679753397 205
14163 1610679753491 203
14164 1610679753585 205
14165 1610679753679 205
14166 1610679753773 205
14167 1610679753867 207
14168 1610679753961 201
14169 1610679754055 205
14170 1610679754150 202
14171 1610679754244 207
14172 1610679754338 204
14173 1610679754432 204
14174 1610679754526 203
14175 1610679754620 204
14176 1610679754714 205
14177 1610679754808 203
14178 1610679754902 202
14179 1610679754996 201
14180 1610679755090 202
14181 1610679755184 202
14182 1610679755278 202
14183 1610679755370 201
14184 1610679755465 209
14185 1610679755560 204
14186 1610679755655 203
14187 1610679755750 204
14188 1610679755845 201
14189 1610679755940 204
14190 1610679756035 203
14191 1610679756130 204
14192 1610679756225 203
14193 1610679756320 201
14194 1610679756415 202
14195 1610679756510 202
14196 1610679756604 203
14197 1610679756698 204
14198 1610679756792 203
14199 1610679756886 205
14200 1610679756980 204
14201 1610679757074 204
14202 1610679757168 204
14203 1610679757262 203
14204 1610679757356 207
14205 1610679757450 202
14206 1610679757544 204
14207 1610679757638 203
14208 1610679757732 203
14209 1610679757822 204
14210 1610679757917 203
14211 1610679758012 203
14212 1610679758107 201
14213 1610679758202 203
14214 1610679758297 204
14215 1610679758392 206
14216 1610679758487 203
14217 1610679758582 201
14218 1610679758677 203
14219 1610679758772 204
14220 1610679758867 205
14221 1610679758962 205
14222 1610679759058 206
14223 1610679759152 204
14224 1610679759246 206
14225 1610679759340 205
14226 1610679759434 203
14227 1610679759528 202
14228 1610679759622 201
14229 1610679759716 205
14230 1610679759810 206
14231 1610679759904 204
14232 1610679759998 204
14233 1610679760092 204
14234 1610679760186 202
14235 1610679760275 203
14236 1610679760370 204
14237 1610679760465 210
14238 1610679760560 204
14239 1610679760655 205
14240 1610679760750 203
14241 1610679760845 203
14242 1610679760940 201
14243 1610679761035 205
14244 1610679761130 204
14245 1610679761225 201
14246 1610679761320 201
14247 1610679761415 201
14248 1610679761510 204
14249 1610679761604 204
14250 1610679761698 201
14251 1610679761792 203
14252 1610679761886 201
14253 1610679761980 203
14254 1610679762074 204
14255 1610679762168 201
14256 1610679762262 207
14257 1610679762356 200
14258 1610679762450 200
14259 1610679762544 198
14260 1610679762638 195
14261 1610679762729 189
14262 1610679762823 166
14263 1610679762917 118
14264 1610679763011 -154
14265 1610679763105 -190
14266 1610679763199 -255
14267 1610679763293 273
14268 1610679763387 799
14269 1610679763481 10
14270 1610679763575 617
14271 1610679763669 373
14272 1610679763763 249
14273 1610679763857 217
14274 1610679763948 210
14275 1610679764042 206
14276 1610679764136 202
14277 1610679764230 204
14278 1610679764324 204
14279 1610679764418 204
14280 1610679764512 203
14281 1610679764606 203
14282 1610679764700 202
14283 1610679764794 202
14284 1610679764888 204
14285 1610679764982 201
14286 1610679765076 203
14287 1610679765168 200
14288 1610679765262 207
14289 1610679765356 200
14290 1610679765450 202
14291 1610679765544 202
14292 1610679765638 204
14293 1610679765732 205
14294 1610679765826 207
14295 1610679765920 203
14296 1610679766014 204
14297 1610679766108 201
14298 1610679766202 203
14299 1610679766296 204
14300 1610679766387 204
14301 1610679766482 200
14302 1610679766577 202
14303 1610679766672 202
14304 1610679766767 208
14305 1610679766862 204
14306 1610679766957 205
14307 1610679767052 204
14308 1610679767147 203
14309 1610679767242 199
14310 1610679767337 200
14311 1610679767432 204
14312 1610679767527 203
14313 1610679767621 202
14314 1610679767716 202
14315 1610679767811 203
