1060 1616112759867 -328
1061 1616112759961 -326
1062 1616112760055 -330
1063 1616112760149 -329
1064 1616112760243 -331
1065 1616112760337 -323
1066 1616112760427 -331
1067 1616112760521 -331
1068 1616112760615 -329
1069 1616112760709 -331
1070 1616112760803 -332
1071 1616112760897 -329
1072 1616112760991 -331
1073 1616112761085 -331
1074 1616112761179 -330
1075 1616112761273 -334
1076 1616112761367 -333
1077 1616112761461 -335
1078 1616112761555 -334
1079 1616112761645 -335
1080 1616112761739 -335
1081 1616112761833 -334
1082 1616112761927 -340
1083 1616112762021 -344
1084 1616112762115 -349
1085 1616112762209 -356
1086 1616112762303 -360
1087 1616112762397 -357
1088 1616112762491 -346
1089 1616112762585 -330
1090 1616112762679 -305
1091 1616112762773 -281
1092 1616112762866 -273
1093 1616112762960 -275
1094 1616112763054 -288
1095 1616112763148 -304
1096 1616112763242 -307
1097 1616112763336 -318
1098 1616112763430 -321
1099 1616112763524 -323
1100 1616112763618 -324
1101 1616112763712 -324
1102 1616112763806 -320
1103 1616112763900 -325
1104 1616112763994 -327
1105 1616112764083 -320
1106 1616112764177 -327
1107 1616112764271 -325
1108 1616112764365 -327
1109 1616112764459 -327
1110 1616112764553 -327
1111 1616112764647 -326
1112 1616112764741 -322
1113 1616112764835 -324
1114 1616112764929 -326
1115 1616112765023 -323
1116 1616112765117 -322
1117 1616112765211 -321
1118 1616112765304 -318
1119 1616112765398 -317
1120 1616112765492 -313
1121 1616112765586 -306
1122 1616112765680 -307
1123 1616112765774 -296
1124 1616112765868 -284
1125 1616112765962 -271
1126 1616112766056 -253
1127 1616112766150 -232
1128 1616112766244 -222
1129 1616112766338 -222
1130 1616112766432 -240
1131 1616112766522 -251
1132 1616112766616 -270
1133 1616112766710 -288
1134 1616112766804 -301
1135 1616112766898 -312
1136 1616112766992 -321
1137 1616112767086 -337
1138 1616112767180 -366
1139 1616112767274 -371
1140 1616112767368 -351
1141 1616112767462 -338
1142 1616112767556 -319
1143 1616112767650 -308
1144 1616112767740 -316
1145 1616112767834 -326
1146 1616112767928 -327
1147 1616112768022 -330
1148 1616112768116 -329
1149 1616112768210 -327
1150 1616112768304 -327
1151 1616112768398 -327
1152 1616112768492 -327
1153 1616112768586 -330
1154 1616112768680 -331
1155 1616112768774 -327
1156 1616112768868 -325
1157 1616112768960 -331
1158 1616112769054 -327
1159 1616112769148 -327
1160 1616112769242 -330
1161 1616112769336 -329
1162 1616112769430 -328
1163 1616112769524 -332
1164 1616112769618 -327
1165 1616112769712 -331
1166 1616112769806 -327
1167 1616112769900 -329
1168 1616112769994 -332
1169 1616112770088 -328
1170 1616112770176 -329
1171 1616112770270 -328
1172 1616112770364 -329
1173 1616112770458 -329
1174 1616112770552 -323
1175 1616112770646 -327
1176 1616112770740 -332
1177 1616112770834 -330
1178 1616112770928 -326
1179 1616112771022 -332
1180 1616112771116 -329
1181 1616112771210 -328
1182 1616112771304 -328
1183 1616112771397 -330
1184 1616112771491 -328
1185 1616112771585 -327
1186 1616112771679 -330
1187 1616112771773 -327
1188 1616112771867 -327
1189 1616112771961 -329
1190 1616112772055 -328
1191 1616112772149 -331
1192 1616112772243 -331
1193 1616112772337 -329
1194 1616112772431 -328
1195 1616112772525 -327
1196 1616112772617 -331
1197 1616112772711 -327
