19027 1616114475521 197
19028 1616114475614 197
19029 1616114475707 197
19030 1616114475800 198
19031 1616114475893 196
19032 1616114475992 196
19033 1616114476086 196
19034 1616114476180 207
19035 1616114476274 200
19036 1616114476368 196
19037 1616114476462 198
19038 1616114476556 198
19039 1616114476650 200
19040 1616114476744 198
19041 1616114476838 200
19042 1616114476932 198
19043 1616114477026 196
19044 1616114477120 196
19045 1616114477212 198
19046 1616114477306 199
19047 1616114477400 199
19048 1616114477494 196
19049 1616114477588 199
19050 1616114477682 203
19051 1616114477776 197
19052 1616114477870 200
19053 1616114477964 198
19054 1616114478058 197
19055 1616114478152 202
19056 1616114478246 199
19057 1616114478340 198
19058 1616114478438 197
19059 1616114478533 197
19060 1616114478628 195
19061 1616114478723 196
19062 1616114478818 199
19063 1616114478913 197
19064 1616114479008 200
19065 1616114479103 198
19066 1616114479198 197
19067 1616114479293 197
19068 1616114479388 198
19069 1616114479483 194
19070 1616114479578 197
19071 1616114479672 196
19072 1616114479766 195
19073 1616114479860 198
19074 1616114479954 200
19075 1616114480048 197
19076 1616114480142 200
19077 1616114480236 198
19078 1616114480330 198
19079 1616114480424 197
19080 1616114480518 196
19081 1616114480612 196
19082 1616114480706 196
19083 1616114480800 200
19084 1616114480890 199
19085 1616114480984 200
19086 1616114481078 194
19087 1616114481172 196
19088 1616114481266 196
19089 1616114481360 197
19090 1616114481454 195
19091 1616114481548 197
19092 1616114481642 196
19093 1616114481736 194
19094 1616114481830 196
19095 1616114481924 197
19096 1616114482018 196
19097 1616114482112 199
19098 1616114482207 193
19099 1616114482302 193
19100 1616114482397 194
19101 1616114482492 194
19102 1616114482587 181
19103 1616114482682 177
19104 1616114482777 168
19105 1616114482872 164
19106 1616114482967 154
19107 1616114483062 152
19108 1616114483157 151
19109 1616114483252 157
19110 1616114483346 166
19111 1616114483441 175
19112 1616114483536 187
19113 1616114483631 187
19114 1616114483726 190
19115 1616114483821 192
19116 1616114483916 194
19117 1616114484011 195
19118 1616114484106 194
19119 1616114484201 196
19120 1616114484296 194
19121 1616114484391 198
19122 1616114484486 198
19123 1616114484580 196
19124 1616114484674 198
19125 1616114484768 196
19126 1616114484862 199
19127 1616114484956 198
19128 1616114485050 194
19129 1616114485144 194
19130 1616114485238 200
19131 1616114485332 196
19132 1616114485426 196
19133 1616114485520 196
19134 1616114485614 194
19135 1616114485708 199
19136 1616114485800 200
19137 1616114485894 199
19138 1616114485988 196
19139 1616114486082 200
19140 1616114486176 195
19141 1616114486270 196
19142 1616114486364 199
19143 1616114486458 199
19144 1616114486552 197
19145 1616114486646 197
19146 1616114486740 196
19147 1616114486834 196
19148 1616114486928 197
19149 1616114487017 202
19150 1616114487112 197
19151 1616114487207 199
19152 1616114487302 199
19153 1616114487397 199
19154 1616114487492 197
19155 1616114487587 199
19156 1616114487682 197
19157 1616114487777 194
19158 1616114487872 200
19159 1616114487967 197
19160 1616114488062 195
19161 1616114488157 198
19162 1616114488250 197
19163 1616114488345 198
19164 1616114488440 198
19165 1616114488535 199
19166 1616114488630 194
19167 1616114488725 197
19168 1616114488820 198
19169 1616114488915 195
19170 1616114489010 197
19171 1616114489105 199
19172 1616114489200 194
19173 1616114489295 198
19174 1616114489390 197
19175 1616114489484 199
19176 1616114489578 196
19177 1616114489672 198
19178 1616114489766 200
19179 1616114489860 199
19180 1616114489954 200
19181 1616114490048 197
19182 1616114490142 199
19183 1616114490236 198
19184 1616114490330 198
19185 1616114490424 194
19186 1616114490518 198
19187 1616114490612 200
19188 1616114490703 198
19189 1616114490797 196
19190 1616114490891 199
19191 1616114490985 195
19192 1616114491079 206
19193 1616114491173 196
19194 1616114491267 195
19195 1616114491361 196
19196 1616114491455 194
19197 1616114491549 196
19198 1616114491643 200
19199 1616114491737 197
19200 1616114491831 198
19201 1616114491922 198
19202 1616114492017 195
19203 1616114492112 198
19204 1616114492207 199
19205 1616114492302 197
19206 1616114492397 198
19207 1616114492492 197
19208 1616114492587 206
19209 1616114492682 194
19210 1616114492777 195
19211 1616114492872 199
19212 1616114492967 198
19213 1616114493062 198
19214 1616114493158 199
19215 1616114493252 194
19216 1616114493346 198
19217 1616114493440 196
19218 1616114493534 197
19219 1616114493628 196
19220 1616114493722 198
19221 1616114493816 198
19222 1616114493910 198
19223 1616114494004 195
19224 1616114494098 198
19225 1616114494192 196
19226 1616114494286 195
19227 1616114494378 195
19228 1616114494472 197
19229 1616114494566 200
19230 1616114494660 197
19231 1616114494754 192
19232 1616114494848 195
19233 1616114494942 195
19234 1616114495036 194
19235 1616114495130 191
19236 1616114495224 192
19237 1616114495318 190
19238 1616114495412 184
19239 1616114495506 177
19240 1616114495594 174
19241 1616114495688 168
19242 1616114495782 170
19243 1616114495876 171
19244 1616114495970 172
19245 1616114496064 175
19246 1616114496158 177
19247 1616114496252 181
19248 1616114496346 180
19249 1616114496440 181
19250 1616114496534 180
19251 1616114496628 185
19252 1616114496722 185
19253 1616114496813 192
19254 1616114496908 190
19255 1616114497003 192
19256 1616114497098 194
19257 1616114497193 195
19258 1616114497288 196
19259 1616114497383 194
19260 1616114497478 195
19261 1616114497573 200
19262 1616114497668 197
19263 1616114497763 199
19264 1616114497858 195
19265 1616114497953 196
19266 1616114498049 196
19267 1616114498143 194
19268 1616114498237 199
19269 1616114498331 198
19270 1616114498425 200
19271 1616114498519 195
19272 1616114498613 197
19273 1616114498707 198
19274 1616114498801 198
19275 1616114498895 197
19276 1616114498989 198
19277 1616114499083 202
19278 1616114499177 198
19279 1616114499267 199
19280 1616114499361 197
19281 1616114499455 196
19282 1616114499549 198
19283 1616114499643 196
19284 1616114499737 197
19285 1616114499831 198
19286 1616114499925 199
19287 1616114500019 197
19288 1616114500113 198
19289 1616114500207 197
19290 1616114500301 198
19291 1616114500395 197
19292 1616114500487 198
19293 1616114500581 203
19294 1616114500675 200
19295 1616114500769 195
19296 1616114500863 200
19297 1616114500957 199
19298 1616114501051 194
19299 1616114501145 197
19300 1616114501239 197
19301 1616114501333 195
19302 1616114501427 195
19303 1616114501521 199
19304 1616114501615 197
19305 1616114501706 200
19306 1616114501800 197
19307 1616114501894 197
19308 1616114501988 197
