4529 1610678855199 208
4530 1610678855199 208
4531 1610678855199 205
4532 1610678855199 207
4533 1610678855199 208
4534 1610678855199 206
4535 1610678855199 205
4536 1610678855199 207
4537 1610678855202 210
4538 1610678855202 207
4539 1610678855202 204
4540 1610678855202 206
4541 1610678855202 206
4542 1610678855202 207
4543 1610678855202 209
4544 1610678855202 207
4545 1610678855202 207
4546 1610678855202 206
4547 1610678855202 207
4548 1610678855202 205
4549 1610678855202 208
4550 1610678855205 207
4551 1610678855205 209
4552 1610678855205 208
4553 1610678855205 207
4554 1610678855205 207
4555 1610678855205 207
4556 1610678855205 206
4557 1610678855205 207
4558 1610678855205 205
4559 1610678855205 207
4560 1610678855205 204
4561 1610678855205 204
4562 1610678855205 203
4563 1610678855209 203
4564 1610678855209 200
4565 1610678855209 197
4566 1610678855209 192
4567 1610678855209 182
4568 1610678855209 157
4569 1610678855209 129
4570 1610678855209 75
4571 1610678855209 -84
4572 1610678855209 -108
4573 1610678855209 -315
4574 1610678855209 -35
4575 1610678855209 310
4576 1610678855212 219
4577 1610678855212 162
4578 1610678855212 347
4579 1610678855212 630
4580 1610678855212 397
4581 1610678855212 265
4582 1610678855212 228
4583 1610678855212 217
4584 1610678855212 208
4585 1610678855212 214
4586 1610678855212 207
4587 1610678855212 207
4588 1610678855212 207
4589 1610678855218 205
4590 1610678855218 205
4591 1610678855218 207
4592 1610678855218 207
4593 1610678855218 207
4594 1610678855218 207
4595 1610678855218 209
4596 1610678855218 207
4597 1610678855218 207
4598 1610678855218 207
4599 1610678855218 205
4600 1610678855218 207
4601 1610678855218 209
4602 1610678855223 206
4603 1610678855223 206
4604 1610678855223 208
4605 1610678855223 207
4606 1610678855223 207
4607 1610678855223 209
4608 1610678855223 207
4609 1610678855223 207
4610 1610678855223 207
4611 1610678855223 208
4612 1610678855223 207
4613 1610678855223 206
4614 1610678855223 207
4615 1610678855227 205
4616 1610678855241 206
4617 1610678855255 207
4618 1610678855269 208
4619 1610678855283 208
4620 1610678855297 205
4621 1610678855311 206
4622 1610678855325 207
4623 1610678855339 206
4624 1610678855353 209
4625 1610678855367 207
4626 1610678855381 207
4627 1610678855395 207
4628 1610678855403 204
4629 1610678855494 209
4630 1610678855585 206
4631 1610678855676 206
4632 1610678855767 202
4633 1610678855858 207
4634 1610678855949 206
4635 1610678856040 210
4636 1610678856131 206
4637 1610678856222 206
4638 1610678856313 206
4639 1610678856404 209
4640 1610678856495 206
4641 1610678856580 207
4642 1610678856675 206
4643 1610678856770 205
4644 1610678856865 205
4645 1610678856960 207
4646 1610678857055 207
4647 1610678857150 207
4648 1610678857245 205
4649 1610678857340 207
4650 1610678857435 207
4651 1610678857530 207
4652 1610678857625 208
4653 1610678857720 207
4654 1610678857814 206
4655 1610678857908 207
4656 1610678858002 208
4657 1610678858096 207
4658 1610678858190 207
4659 1610678858284 206
4660 1610678858378 206
4661 1610678858472 207
4662 1610678858566 207
4663 1610678858660 205
4664 1610678858754 207
4665 1610678858848 207
4666 1610678858942 207
4667 1610678859031 207
4668 1610678859126 207
4669 1610678859221 206
4670 1610678859316 206
4671 1610678859411 207
4672 1610678859506 207
4673 1610678859601 205
4674 1610678859696 212
4675 1610678859791 205
4676 1610678859886 210
4677 1610678859981 205
4678 1610678860076 208
4679 1610678860171 207
4680 1610678860270 209
4681 1610678860364 208
4682 1610678860458 205
4683 1610678860552 207
4684 1610678860646 210
4685 1610678860740 207
4686 1610678860834 207
4687 1610678860928 206
4688 1610678861022 205
4689 1610678861116 207
4690 1610678861210 205
4691 1610678861304 206
4692 1610678861398 206
4693 1610678861488 207
4694 1610678861582 206
4695 1610678861676 207
4696 1610678861770 207
4697 1610678861864 208
4698 1610678861958 207
4699 1610678862052 207
4700 1610678862146 207
4701 1610678862240 206
4702 1610678862334 207
4703 1610678862428 205
4704 1610678862522 207
4705 1610678862616 206
4706 1610678862706 207
4707 1610678862800 207
4708 1610678862894 205
4709 1610678862988 206
4710 1610678863082 206
4711 1610678863176 207
4712 1610678863270 207
4713 1610678863364 206
4714 1610678863458 206
4715 1610678863552 203
4716 1610678863646 205
4717 1610678863740 203
4718 1610678863834 204
4719 1610678863924 198
4720 1610678864018 202
4721 1610678864112 195
4722 1610678864206 191
4723 1610678864300 179
4724 1610678864394 150
4725 1610678864488 -29
4726 1610678864582 62
4727 1610678864676 326
4728 1610678864770 256
4729 1610678864864 293
4730 1610678864958 247
4731 1610678865052 178
4732 1610678865144 291
4733 1610678865238 357
4734 1610678865332 518
4735 1610678865426 377
4736 1610678865520 215
4737 1610678865614 191
4738 1610678865708 193
4739 1610678865802 194
4740 1610678865896 201
4741 1610678865990 201
4742 1610678866084 204
4743 1610678866178 204
4744 1610678866272 204
4745 1610678866361 206
4746 1610678866455 205
4747 1610678866549 206
4748 1610678866643 210
4749 1610678866737 207
4750 1610678866831 207
4751 1610678866925 207
4752 1610678867019 205
4753 1610678867113 204
4754 1610678867207 205
4755 1610678867301 206
4756 1610678867395 208
4757 1610678867489 205
4758 1610678867582 209
4759 1610678867677 208
4760 1610678867772 207
4761 1610678867867 207
4762 1610678867962 209
4763 1610678868057 207
4764 1610678868152 205
4765 1610678868247 205
4766 1610678868342 206
4767 1610678868437 213
4768 1610678868532 209
4769 1610678868627 206
4770 1610678868722 206
4771 1610678868814 207
4772 1610678868908 207
4773 1610678869002 207
4774 1610678869096 207
4775 1610678869190 204
4776 1610678869284 206
4777 1610678869378 206
