6120 1610678995627 162
6121 1610678995721 164
6122 1610678995815 167
6123 1610678995907 163
6124 1610678996001 164
6125 1610678996095 164
6126 1610678996189 161
6127 1610678996283 162
6128 1610678996377 160
6129 1610678996471 165
6130 1610678996565 162
6131 1610678996659 163
6132 1610678996753 162
6133 1610678996847 161
6134 1610678996941 163
6135 1610678997035 163
6136 1610678997123 163
6137 1610678997217 163
6138 1610678997311 163
6139 1610678997405 164
6140 1610678997499 164
6141 1610678997593 163
6142 1610678997687 160
6143 1610678997781 162
6144 1610678997875 160
6145 1610678997969 156
6146 1610678998063 142
6147 1610678998157 77
6148 1610678998251 -37
6149 1610678998342 193
6150 1610678998436 213
6151 1610678998530 235
6152 1610678998624 128
6153 1610678998718 137
6154 1610678998812 252
6155 1610678998906 325
6156 1610678999000 229
6157 1610678999094 186
6158 1610678999188 178
6159 1610678999282 169
6160 1610678999376 169
6161 1610678999470 165
6162 1610678999563 164
6163 1610678999657 163
6164 1610678999751 165
6165 1610678999845 166
6166 1610678999939 162
6167 1610679000033 164
6168 1610679000127 162
6169 1610679000221 164
6170 1610679000315 163
6171 1610679000409 165
6172 1610679000503 167
6173 1610679000597 161
6174 1610679000691 164
6175 1610679000780 162
6176 1610679000874 163
6177 1610679000968 166
6178 1610679001062 162
6179 1610679001156 162
6180 1610679001250 165
6181 1610679001344 164
6182 1610679001438 165
6183 1610679001532 166
6184 1610679001626 163
6185 1610679001720 162
6186 1610679001814 163
6187 1610679001908 162
6188 1610679001997 165
6189 1610679002091 163
6190 1610679002185 165
6191 1610679002279 161
6192 1610679002373 163
6193 1610679002467 161
6194 1610679002561 167
6195 1610679002655 163
6196 1610679002749 164
6197 1610679002843 167
6198 1610679002937 164
6199 1610679003031 166
6200 1610679003125 166
6201 1610679003219 169
6202 1610679003313 169
6203 1610679003407 170
6204 1610679003501 168
6205 1610679003595 174
6206 1610679003689 176
6207 1610679003783 185
6208 1610679003877 191
6209 1610679003971 223
6210 1610679004065 243
6211 1610679004159 362
6212 1610679004253 234
6213 1610679004347 -32
6214 1610679004435 102
6215 1610679004529 71
6216 1610679004623 -144
6217 1610679004717 -19
6218 1610679004811 278
6219 1610679004905 259
6220 1610679004999 210
6221 1610679005093 190
6222 1610679005187 181
6223 1610679005281 175
6224 1610679005375 169
6225 1610679005469 168
6226 1610679005563 168
6227 1610679005657 167
6228 1610679005751 165
6229 1610679005845 165
6230 1610679005939 165
6231 1610679006033 166
6232 1610679006127 165
6233 1610679006221 165
6234 1610679006315 162
6235 1610679006409 164
6236 1610679006503 158
6237 1610679006597 162
6238 1610679006691 165
6239 1610679006785 163
6240 1610679006874 165
6241 1610679006968 164
6242 1610679007062 166
6243 1610679007156 167
6244 1610679007250 162
6245 1610679007344 164
6246 1610679007438 162
6247 1610679007532 163
6248 1610679007626 164
6249 1610679007720 163
6250 1610679007814 162
6251 1610679007908 163
6252 1610679008002 162
6253 1610679008093 159
6254 1610679008187 165
6255 1610679008281 162
6256 1610679008375 162
6257 1610679008469 163
6258 1610679008563 162
6259 1610679008657 162
