4699 1618476421862 380
4700 1618476421956 381
4701 1618476422050 382
4702 1618476422144 380
4703 1618476422238 380
4704 1618476422332 380
4705 1618476422426 380
4706 1618476422517 380
4707 1618476422611 380
4708 1618476422705 380
4709 1618476422799 381
4710 1618476422893 383
4711 1618476422987 383
4712 1618476423081 380
4713 1618476423175 379
4714 1618476423269 380
4715 1618476423363 380
4716 1618476423457 383
4717 1618476423551 380
4718 1618476423645 380
4719 1618476423744 380
4720 1618476423839 380
4721 1618476423934 380
4722 1618476424029 383
4723 1618476424124 377
4724 1618476424219 378
4725 1618476424314 378
4726 1618476424409 381
4727 1618476424504 382
4728 1618476424599 381
4729 1618476424694 379
4730 1618476424789 381
4731 1618476424884 380
4732 1618476424973 381
4733 1618476425068 385
4734 1618476425163 382
4735 1618476425258 384
4736 1618476425353 388
4737 1618476425448 381
4738 1618476425543 379
4739 1618476425638 379
4740 1618476425733 382
4741 1618476425828 383
4742 1618476425923 380
4743 1618476426018 380
4744 1618476426113 379
4745 1618476426214 382
4746 1618476426309 380
4747 1618476426404 381
4748 1618476426499 380
4749 1618476426594 380
4750 1618476426689 381
4751 1618476426784 380
4752 1618476426879 380
4753 1618476426974 380
4754 1618476427069 380
4755 1618476427164 380
4756 1618476427259 387
4757 1618476427354 382
4758 1618476427450 380
4759 1618476427543 380
4760 1618476427636 380
4761 1618476427729 378
4762 1618476427822 378
4763 1618476427915 380
4764 1618476428008 381
4765 1618476428101 381
4766 1618476428194 380
4767 1618476428287 380
4768 1618476428380 377
4769 1618476428473 380
4770 1618476428566 380
4771 1618476428665 377
4772 1618476428759 376
4773 1618476428853 380
4774 1618476428947 380
4775 1618476429041 375
4776 1618476429135 382
4777 1618476429229 377
4778 1618476429323 379
4779 1618476429417 379
4780 1618476429511 377
4781 1618476429605 375
4782 1618476429699 375
4783 1618476429793 374
4784 1618476429887 372
4785 1618476429982 371
4786 1618476430077 370
4787 1618476430172 359
4788 1618476430267 361
4789 1618476430362 350
4790 1618476430457 340
4791 1618476430552 329
4792 1618476430647 311
4793 1618476430742 324
4794 1618476430837 327
4795 1618476430932 344
4796 1618476431027 350
4797 1618476431122 348
4798 1618476431218 395
4799 1618476431314 411
4800 1618476431410 407
4801 1618476431506 386
4802 1618476431602 375
4803 1618476431698 354
4804 1618476431794 345
4805 1618476431890 345
4806 1618476431986 329
4807 1618476432082 307
4808 1618476432178 275
4809 1618476432274 270
4810 1618476432372 285
4811 1618476432466 272
4812 1618476432560 309
4813 1618476432654 395
4814 1618476432748 447
4815 1618476432842 436
4816 1618476432936 482
4817 1618476433030 477
4818 1618476433124 469
4819 1618476433218 460
4820 1618476433312 452
4821 1618476433406 440
4822 1618476433500 425
4823 1618476433592 414
4824 1618476433686 407
4825 1618476433780 402
4826 1618476433874 397
4827 1618476433968 395
4828 1618476434062 392
4829 1618476434156 391
4830 1618476434250 387
4831 1618476434344 387
4832 1618476434438 385
4833 1618476434532 384
4834 1618476434626 384
4835 1618476434720 383
4836 1618476434808 385
4837 1618476434902 385
4838 1618476434996 382
4839 1618476435090 383
4840 1618476435184 387
4841 1618476435278 383
4842 1618476435372 380
4843 1618476435466 381
4844 1618476435560 380
4845 1618476435654 382
4846 1618476435748 380
4847 1618476435842 384
4848 1618476435936 383
4849 1618476436027 382
4850 1618476436122 384
4851 1618476436217 382
4852 1618476436312 380
4853 1618476436407 381
4854 1618476436502 382
4855 1618476436597 380
4856 1618476436692 380
4857 1618476436787 384
4858 1618476436882 381
4859 1618476436977 382
4860 1618476437072 380
4861 1618476437167 380
4862 1618476437261 380
4863 1618476437356 379
4864 1618476437451 380
4865 1618476437546 380
4866 1618476437641 379
4867 1618476437736 381
4868 1618476437831 380
4869 1618476437926 381
4870 1618476438021 383
4871 1618476438116 380
4872 1618476438211 381
4873 1618476438306 381
4874 1618476438401 380
4875 1618476438495 382
4876 1618476438591 385
4877 1618476438687 387
4878 1618476438783 376
4879 1618476438879 381
4880 1618476438975 381
4881 1618476439071 382
4882 1618476439167 380
4883 1618476439263 380
4884 1618476439359 382
4885 1618476439455 379
4886 1618476439551 380
4887 1618476439647 380
4888 1618476439737 382
4889 1618476439831 380
4890 1618476439925 381
4891 1618476440019 382
4892 1618476440113 381
4893 1618476440207 384
4894 1618476440301 384
4895 1618476440395 382
4896 1618476440489 378
4897 1618476440583 380
4898 1618476440677 382
4899 1618476440771 379
4900 1618476440865 385
4901 1618476440957 381
4902 1618476441053 382
4903 1618476441149 382
4904 1618476441245 380
4905 1618476441341 378
4906 1618476441437 380
4907 1618476441533 380
4908 1618476441629 382
4909 1618476441725 380
4910 1618476441821 381
4911 1618476441917 380
4912 1618476442013 379
4913 1618476442109 381
4914 1618476442199 382
4915 1618476442293 380
4916 1618476442387 378
4917 1618476442481 380
4918 1618476442575 383
4919 1618476442669 380
4920 1618476442763 380
4921 1618476442857 383
4922 1618476442951 378
4923 1618476443045 387
4924 1618476443139 380
4925 1618476443233 380
4926 1618476443327 380
4927 1618476443417 380
4928 1618476443511 380
4929 1618476443605 383
4930 1618476443699 380
4931 1618476443793 379
4932 1618476443887 382
4933 1618476443981 383
4934 1618476444075 380
4935 1618476444169 380
4936 1618476444263 380
4937 1618476444357 381
4938 1618476444451 381
4939 1618476444545 386
4940 1618476444636 380
4941 1618476444730 380
4942 1618476444824 381
4943 1618476444918 382
4944 1618476445012 382
4945 1618476445106 383
4946 1618476445200 382
4947 1618476445294 382
4948 1618476445388 380
4949 1618476445482 382
4950 1618476445576 381
4951 1618476445670 382
4952 1618476445764 380
4953 1618476445853 381
4954 1618476445947 382
4955 1618476446041 387
4956 1618476446135 383
4957 1618476446229 381
4958 1618476446323 382
4959 1618476446417 379
4960 1618476446511 384
4961 1618476446605 380
4962 1618476446699 383
4963 1618476446793 380
4964 1618476446887 380
4965 1618476446981 380
4966 1618476447072 381
4967 1618476447166 383
4968 1618476447260 381
4969 1618476447354 385
4970 1618476447448 385
4971 1618476447542 388
4972 1618476447636 386
4973 1618476447730 387
4974 1618476447824 385
4975 1618476447918 388
4976 1618476448012 387
4977 1618476448106 391
4978 1618476448200 397
4979 1618476448292 415
4980 1618476448386 415
4981 1618476448480 440
4982 1618476448574 458
4983 1618476448668 466
4984 1618476448762 418
4985 1618476448856 256
4986 1618476448950 339
4987 1618476449044 379
4988 1618476449138 382
4989 1618476449232 417
4990 1618476449326 407
4991 1618476449420 351
4992 1618476449512 316
4993 1618476449606 335
4994 1618476449700 347
4995 1618476449794 341
4996 1618476449888 359
4997 1618476449982 370
4998 1618476450076 374
4999 1618476450170 374
5000 1618476450264 375
5001 1618476450358 377
5002 1618476450452 380
5003 1618476450546 373
5004 1618476450640 378
5005 1618476450732 378
5006 1618476450826 380
5007 1618476450920 377
5008 1618476451014 379
5009 1618476451108 383
5010 1618476451202 380
5011 1618476451296 378
5012 1618476451390 380
5013 1618476451484 378
5014 1618476451578 375
5015 1618476451672 379
5016 1618476451766 380
5017 1618476451860 381
5018 1618476451952 379
5019 1618476452046 385
5020 1618476452140 380
5021 1618476452234 379
5022 1618476452328 380
5023 1618476452422 378
5024 1618476452516 380
5025 1618476452610 382
5026 1618476452704 383
5027 1618476452798 379
5028 1618476452892 380
5029 1618476452986 382
5030 1618476453080 380
5031 1618476453172 382
5032 1618476453265 383
5033 1618476453358 378
5034 1618476453451 383
5035 1618476453544 385
5036 1618476453637 380
5037 1618476453730 380
5038 1618476453823 379
5039 1618476453916 381
5040 1618476454009 382
5041 1618476454102 381
5042 1618476454195 378
5043 1618476454288 381
5044 1618476454386 380
5045 1618476454480 379
5046 1618476454574 379
5047 1618476454668 381
5048 1618476454762 383
5049 1618476454856 380
5050 1618476454950 381
5051 1618476455044 386
5052 1618476455138 381
5053 1618476455232 381
5054 1618476455326 381
5055 1618476455420 380
5056 1618476455514 378
5057 1618476455606 379
5058 1618476455700 378
5059 1618476455794 378
5060 1618476455888 379
5061 1618476455982 380
5062 1618476456076 380
5063 1618476456170 381
5064 1618476456264 378
5065 1618476456358 380
5066 1618476456452 379
5067 1618476456546 383
5068 1618476456640 380
