7865	1618476719506	-97	0
7866	1618476719600	-94	0
7867	1618476719694	-91	0
7868	1618476719788	-94	0
7869	1618476719882	-93	0
7870	1618476719976	-94	0
7871	1618476720070	-91	0
7872	1618476720164	-93	0
7873	1618476720258	-92	0
7874	1618476720352	-96	0
7875	1618476720446	-94	0
7876	1618476720540	-96	0
7877	1618476720634	-93	0
7878	1618476720722	-93	0
7879	1618476720816	-93	0
7880	1618476720910	-93	0
7881	1618476721004	-95	0
7882	1618476721098	-93	0
7883	1618476721192	-92	0
7884	1618476721286	-94	0
7885	1618476721380	-91	0
7886	1618476721474	-92	0
7887	1618476721568	-90	0
7888	1618476721662	-94	0
7889	1618476721756	-95	0
7890	1618476721850	-94	0
7891	1618476721942	-94	0
7892	1618476722036	-96	0
7893	1618476722130	-95	0
7894	1618476722224	-93	0
7895	1618476722318	-96	0
7896	1618476722412	-93	0
7897	1618476722506	-99	0
7898	1618476722600	-96	0
7899	1618476722694	-96	0
7900	1618476722788	-94	0
7901	1618476722882	-97	0
7902	1618476722976	-97	0
7903	1618476723070	-98	0
7904	1618476723162	-96	0
7905	1618476723256	-98	0
7906	1618476723350	-102	0
7907	1618476723444	-103	0
7908	1618476723538	-102	0
7909	1618476723632	-103	0
7910	1618476723726	-107	1
7911	1618476723820	-109	1
7912	1618476723914	-114	1
7913	1618476724008	-127	1
7914	1618476724102	-125	1
7915	1618476724196	-123	1
7916	1618476724290	-121	1
7917	1618476724380	-116	1
7918	1618476724474	-159	1
7919	1618476724568	-185	1
7920	1618476724662	-63	1
7921	1618476724756	6	1
7922	1618476724850	-8	1
7923	1618476724944	-84	1
7924	1618476725038	-122	1
7925	1618476725132	-145	1
7926	1618476725226	-185	1
7927	1618476725320	-219	1
7928	1618476725414	-237	1
7929	1618476725508	-102	1
7930	1618476725599	-90	1
7931	1618476725693	-14	1
7932	1618476725787	-26	1
7933	1618476725881	-27	1
7934	1618476725975	-15	1
7935	1618476726069	-21	1
7936	1618476726163	-37	1
7937	1618476726257	-48	1
7938	1618476726351	-62	1
7939	1618476726445	-67	1
7940	1618476726539	-71	1
7941	1618476726633	-77	1
7942	1618476726727	-80	1
7943	1618476726820	-85	1
7944	1618476726914	-81	1
7945	1618476727008	-86	1
7946	1618476727102	-87	0
7947	1618476727196	-91	0
7948	1618476727290	-90	0
7949	1618476727384	-91	0
7950	1618476727478	-90	0
7951	1618476727572	-91	0
7952	1618476727666	-88	0
7953	1618476727760	-91	0
7954	1618476727854	-93	0
7955	1618476727948	-96	0
7956	1618476728038	-90	0
7957	1618476728131	-89	0
7958	1618476728224	-93	0
7959	1618476728317	-89	0
7960	1618476728410	-92	0
7961	1618476728503	-92	0
7962	1618476728596	-93	0
7963	1618476728689	-88	0
7964	1618476728782	-91	0
7965	1618476728875	-92	0
7966	1618476728968	-94	0
7967	1618476729061	-90	0
7968	1618476729154	-92	0
7969	1618476729253	-92	0
7970	1618476729347	-92	0
7971	1618476729441	-97	0
7972	1618476729535	-92	0
7973	1618476729629	-94	0
7974	1618476729723	-95	0
7975	1618476729817	-92	0
7976	1618476729911	-95	0
7977	1618476730005	-93	0
7978	1618476730099	-93	0
7979	1618476730193	-90	0
7980	1618476730287	-93	0
7981	1618476730381	-93	0
7982	1618476730476	-97	0
7983	1618476730569	-94	0
7984	1618476730662	-92	0
7985	1618476730755	-95	0
7986	1618476730848	-93	0
7987	1618476730941	-93	0
7988	1618476731034	-92	0
7989	1618476731127	-94	0
7990	1618476731220	-93	0
7991	1618476731313	-93	0
7992	1618476731406	-92	0
7993	1618476731499	-96	0
7994	1618476731592	-91	0
7995	1618476731691	-92	0
7996	1618476731785	-92	0
7997	1618476731879	-96	0
7998	1618476731973	-92	0
7999	1618476732067	-94	0
8000	1618476732161	-90	0
8001	1618476732255	-94	0
8002	1618476732349	-94	0
8003	1618476732443	-92	0
8004	1618476732537	-94	0
8005	1618476732631	-91	0
8006	1618476732725	-96	0
8007	1618476732819	-93	0
8008	1618476732910	-93	0
8009	1618476733004	-93	0
8010	1618476733098	-93	0
8011	1618476733192	-93	0
8012	1618476733286	-97	0
8013	1618476733380	-92	0
8014	1618476733474	-92	0
8015	1618476733568	-93	0
8016	1618476733662	-92	0
8017	1618476733756	-94	0
8018	1618476733850	-93	0
8019	1618476733944	-93	0
8020	1618476734038	-92	0
8021	1618476734130	-90	0
8022	1618476734224	-94	0
8023	1618476734318	-94	0
8024	1618476734412	-94	0
8025	1618476734506	-94	0
8026	1618476734600	-93	0
8027	1618476734694	-93	0
8028	1618476734788	-93	0
8029	1618476734882	-94	0
8030	1618476734976	-91	0
8031	1618476735070	-92	0
8032	1618476735164	-94	0
8033	1618476735258	-95	0
8034	1618476735349	-90	0
8035	1618476735443	-95	0
8036	1618476735537	-93	0
8037	1618476735631	-95	0
8038	1618476735725	-90	0
8039	1618476735819	-88	0
8040	1618476735913	-90	0
8041	1618476736007	-94	0
8042	1618476736101	-93	0
8043	1618476736195	-90	0
8044	1618476736289	-92	0
8045	1618476736383	-90	0
8046	1618476736477	-94	0
8047	1618476736567	-91	0
8048	1618476736661	-93	0
8049	1618476736755	-94	0
8050	1618476736849	-94	0
8051	1618476736943	-92	0
8052	1618476737037	-93	0
8053	1618476737131	-90	0
8054	1618476737225	-94	0
8055	1618476737319	-93	0
8056	1618476737413	-92	0
8057	1618476737507	-90	0
8058	1618476737601	-95	0
8059	1618476737695	-94	0
8060	1618476737786	-94	0
8061	1618476737880	-92	0
8062	1618476737974	-90	0
8063	1618476738068	-94	0
8064	1618476738162	-94	0
8065	1618476738256	-91	0
8066	1618476738350	-92	0
8067	1618476738444	-93	0
8068	1618476738538	-93	0
8069	1618476738632	-93	0
8070	1618476738726	-91	0
8071	1618476738820	-94	0
8072	1618476738914	-92	0
8073	1618476739006	-93	0
8074	1618476739100	-93	0
8075	1618476739194	-91	0
8076	1618476739288	-92	0
8077	1618476739382	-93	0
8078	1618476739476	-92	0
8079	1618476739570	-91	0
8080	1618476739664	-90	0
8081	1618476739758	-92	0
8082	1618476739852	-91	0
8083	1618476739946	-93	0
8084	1618476740040	-94	0
8085	1618476740134	-92	0
8086	1618476740225	-95	0
8087	1618476740319	-92	0
8088	1618476740413	-93	0
8089	1618476740507	-90	0
8090	1618476740601	-92	1
8091	1618476740695	-93	1
8092	1618476740789	-94	1
8093	1618476740883	-87	1
8094	1618476740977	-89	1
8095	1618476741071	-91	1
8096	1618476741165	-86	1
8097	1618476741259	-85	1
8098	1618476741353	-82	1
8099	1618476741451	-73	1
8100	1618476741546	-47	1
8101	1618476741641	-37	1
8102	1618476741736	0	1
8103	1618476741831	-13	1
8104	1618476741926	-57	1
8105	1618476742021	-137	1
8106	1618476742116	-195	1
8107	1618476742211	-128	1
8108	1618476742306	-40	1
8109	1618476742401	-26	1
8110	1618476742496	-187	1
8111	1618476742591	-145	1
8112	1618476742685	-111	1
8113	1618476742779	-108	1
8114	1618476742873	-105	1
8115	1618476742967	-103	1
8116	1618476743061	-99	1
8117	1618476743155	-101	1
8118	1618476743249	-93	1
8119	1618476743343	-96	1
8120	1618476743437	-97	1
8121	1618476743531	-93	0
8122	1618476743625	-94	0
8123	1618476743719	-95	0
8124	1618476743813	-92	0
8125	1618476743903	-91	0
8126	1618476743997	-93	0
8127	1618476744091	-92	0
8128	1618476744185	-93	0
8129	1618476744279	-91	0
8130	1618476744373	-95	0
8131	1618476744467	-92	0
8132	1618476744561	-91	0
8133	1618476744655	-94	0
8134	1618476744749	-93	0
8135	1618476744843	-92	0
8136	1618476744937	-95	0
8137	1618476745031	-93	0
8138	1618476745123	-96	0
8139	1618476745217	-92	0
8140	1618476745311	-93	0
8141	1618476745405	-91	0
8142	1618476745499	-93	0
8143	1618476745593	-93	0
8144	1618476745687	-93	0
8145	1618476745781	-94	0
8146	1618476745875	-93	0
8147	1618476745969	-91	0
8148	1618476746063	-93	0
8149	1618476746157	-94	0
8150	1618476746251	-94	0
8151	1618476746341	-94	0
8152	1618476746435	-91	0
8153	1618476746529	-97	0
8154	1618476746623	-96	0
8155	1618476746717	-94	0
8156	1618476746811	-93	0
8157	1618476746905	-94	0
8158	1618476746999	-93	0
8159	1618476747093	-93	0
8160	1618476747187	-95	0
8161	1618476747281	-91	0
8162	1618476747375	-95	0
8163	1618476747469	-93	0
8164	1618476747564	-94	0
8165	1618476747659	-94	0
