3511 1616112997332 -326
3512 1616112997426 -327
3513 1616112997520 -331
3514 1616112997614 -327
3515 1616112997708 -326
3516 1616112997802 -327
3517 1616112997896 -324
3518 1616112997990 -327
3519 1616112998084 -326
3520 1616112998178 -325
3521 1616112998272 -326
3522 1616112998366 -323
3523 1616112998458 -326
3524 1616112998552 -326
3525 1616112998646 -325
3526 1616112998740 -324
3527 1616112998834 -327
3528 1616112998928 -327
3529 1616112999022 -326
3530 1616112999116 -327
3531 1616112999210 -325
3532 1616112999304 -326
3533 1616112999398 -327
3534 1616112999492 -328
3535 1616112999586 -327
3536 1616112999675 -324
3537 1616112999769 -324
3538 1616112999863 -325
3539 1616112999957 -322
3540 1616113000051 -323
3541 1616113000145 -321
3542 1616113000239 -324
3543 1616113000333 -327
3544 1616113000427 -331
3545 1616113000521 -347
3546 1616113000615 -353
3547 1616113000709 -371
3548 1616113000803 -377
3549 1616113000900 -376
3550 1616113000994 -382
3551 1616113001088 -370
3552 1616113001182 -348
3553 1616113001276 -329
3554 1616113001370 -317
3555 1616113001464 -312
3556 1616113001558 -312
3557 1616113001652 -317
3558 1616113001746 -320
3559 1616113001840 -322
3560 1616113001934 -320
3561 1616113002028 -323
3562 1616113002121 -325
3563 1616113002216 -328
3564 1616113002311 -327
3565 1616113002406 -325
3566 1616113002501 -324
3567 1616113002596 -330
3568 1616113002691 -327
3569 1616113002786 -329
3570 1616113002881 -327
3571 1616113002976 -325
3572 1616113003071 -326
3573 1616113003166 -328
3574 1616113003261 -327
3575 1616113003356 -327
3576 1616113003450 -327
3577 1616113003544 -328
3578 1616113003638 -327
3579 1616113003732 -326
3580 1616113003826 -327
3581 1616113003920 -329
3582 1616113004014 -327
3583 1616113004108 -327
3584 1616113004202 -325
3585 1616113004296 -326
3586 1616113004390 -323
3587 1616113004484 -327
3588 1616113004577 -325
3589 1616113004672 -326
3590 1616113004767 -327
3591 1616113004862 -325
3592 1616113004957 -327
3593 1616113005052 -327
3594 1616113005147 -328
3595 1616113005242 -330
3596 1616113005337 -327
3597 1616113005432 -327
3598 1616113005527 -328
3599 1616113005622 -328
3600 1616113005717 -327
3601 1616113005809 -327
3602 1616113005903 -327
3603 1616113005997 -327
3604 1616113006091 -329
3605 1616113006185 -327
3606 1616113006279 -327
3607 1616113006373 -326
3608 1616113006467 -327
3609 1616113006561 -327
3610 1616113006655 -327
3611 1616113006749 -327
3612 1616113006843 -320
3613 1616113006937 -326
3614 1616113007027 -326
3615 1616113007121 -327
3616 1616113007215 -327
3617 1616113007309 -331
3618 1616113007403 -326
3619 1616113007497 -326
3620 1616113007591 -330
3621 1616113007685 -329
3622 1616113007779 -331
3623 1616113007873 -328
3624 1616113007967 -327
3625 1616113008061 -332
3626 1616113008155 -335
3627 1616113008247 -335
3628 1616113008341 -338
3629 1616113008435 -342
3630 1616113008529 -355
3631 1616113008623 -359
3632 1616113008717 -367
3633 1616113008811 -370
3634 1616113008905 -364
3635 1616113008999 -353
3636 1616113009093 -358
3637 1616113009187 -350
3638 1616113009281 -343
3639 1616113009375 -326
3640 1616113009466 -301
3641 1616113009561 -298
3642 1616113009656 -302
3643 1616113009751 -314
3644 1616113009846 -320
3645 1616113009941 -320
3646 1616113010036 -323
3647 1616113010131 -327
3648 1616113010226 -326
3649 1616113010321 -328
3650 1616113010416 -327
3651 1616113010511 -325
3652 1616113010606 -327
3653 1616113010700 -328
3654 1616113010794 -324
3655 1616113010888 -330
3656 1616113010982 -327
3657 1616113011076 -327
3658 1616113011170 -328
3659 1616113011264 -324
3660 1616113011358 -328
3661 1616113011452 -322
3662 1616113011546 -326
3663 1616113011640 -327
3664 1616113011734 -324
3665 1616113011828 -327
3666 1616113011919 -327
3667 1616113012013 -326
3668 1616113012107 -326
3669 1616113012201 -326
3670 1616113012295 -328
3671 1616113012389 -328
3672 1616113012483 -327
3673 1616113012577 -327
3674 1616113012671 -328
3675 1616113012765 -327
3676 1616113012859 -327
3677 1616113012953 -326
3678 1616113013047 -329
3679 1616113013137 -327
3680 1616113013232 -325
