3858 1610678783002 210
3859 1610678783096 204
3860 1610678783190 207
3861 1610678783281 209
3862 1610678783375 206
3863 1610678783469 208
3864 1610678783563 207
3865 1610678783657 205
3866 1610678783751 206
3867 1610678783845 205
3868 1610678783939 207
3869 1610678784033 209
3870 1610678784127 208
3871 1610678784221 207
3872 1610678784315 208
3873 1610678784409 204
3874 1610678784500 210
3875 1610678784594 207
3876 1610678784688 210
3877 1610678784782 208
3878 1610678784876 207
3879 1610678784970 206
3880 1610678785064 205
3881 1610678785158 207
3882 1610678785252 207
3883 1610678785346 207
3884 1610678785440 209
3885 1610678785534 207
3886 1610678785628 208
3887 1610678785720 205
3888 1610678785814 207
3889 1610678785908 206
3890 1610678786002 212
3891 1610678786096 208
3892 1610678786190 207
3893 1610678786284 207
3894 1610678786378 207
3895 1610678786472 211
3896 1610678786566 205
3897 1610678786660 207
3898 1610678786754 207
3899 1610678786848 208
3900 1610678786937 209
3901 1610678787031 207
3902 1610678787125 207
3903 1610678787219 207
3904 1610678787313 207
3905 1610678787407 206
3906 1610678787501 205
3907 1610678787595 205
3908 1610678787689 204
3909 1610678787783 203
3910 1610678787877 200
3911 1610678787971 199
3912 1610678788065 184
3913 1610678788155 181
3914 1610678788249 185
3915 1610678788343 147
3916 1610678788437 -198
3917 1610678788531 -394
3918 1610678788625 350
3919 1610678788719 393
3920 1610678788813 261
3921 1610678788907 141
3922 1610678789001 359
3923 1610678789095 520
3924 1610678789189 304
3925 1610678789283 237
3926 1610678789375 216
3927 1610678789469 211
3928 1610678789563 207
3929 1610678789657 209
3930 1610678789751 206
3931 1610678789845 207
3932 1610678789939 206
3933 1610678790033 207
3934 1610678790127 207
3935 1610678790221 207
3936 1610678790315 208
3937 1610678790409 207
3938 1610678790503 207
3939 1610678790593 209
3940 1610678790688 208
3941 1610678790783 207
3942 1610678790878 208
3943 1610678790973 203
3944 1610678791068 203
3945 1610678791163 204
3946 1610678791258 207
3947 1610678791353 204
3948 1610678791448 207
3949 1610678791543 207
3950 1610678791638 207
3951 1610678791733 204
3952 1610678791822 208
3953 1610678791916 206
3954 1610678792010 207
3955 1610678792104 209
3956 1610678792198 207
3957 1610678792292 207
3958 1610678792386 208
3959 1610678792480 204
3960 1610678792574 208
3961 1610678792668 207
3962 1610678792762 204
3963 1610678792856 203
3964 1610678792950 208
3965 1610678793038 207
3966 1610678793133 204
3967 1610678793228 207
3968 1610678793323 211
3969 1610678793418 207
3970 1610678793513 207
3971 1610678793608 205
3972 1610678793703 205
3973 1610678793798 208
3974 1610678793893 208
3975 1610678793988 207
3976 1610678794083 205
3977 1610678794178 210
3978 1610678794273 207
3979 1610678794367 208
3980 1610678794461 204
3981 1610678794555 205
3982 1610678794649 208
3983 1610678794743 206
3984 1610678794837 207
3985 1610678794931 207
3986 1610678795025 207
3987 1610678795119 207
3988 1610678795213 207
3989 1610678795307 206
3990 1610678795401 212
3991 1610678795501 207
3992 1610678795596 207
3993 1610678795691 207
3994 1610678795786 207
3995 1610678795881 207
3996 1610678795976 206
3997 1610678796071 207
3998 1610678796166 206
3999 1610678796261 208
4000 1610678796356 205
4001 1610678796451 203
4002 1610678796546 207
4003 1610678796641 204
4004 1610678796736 205
4005 1610678801217 206
4006 1610678805698 211
4007 1610678810179 207
4008 1610678814660 208
4009 1610678819141 205
4010 1610678823622 206
4011 1610678828103 207
4012 1610678832584 207
4013 1610678837065 206
4014 1610678841546 207
4015 1610678846027 207
4016 1610678850508 208
4017 1610678854986 206
4018 1610678854986 207
4019 1610678854986 206
4020 1610678854986 204
4021 1610678854986 207
4022 1610678854986 209
4023 1610678854986 208
4024 1610678854986 207
4025 1610678854986 206
4026 1610678854986 207
4027 1610678854986 207
4028 1610678854986 207
4029 1610678854986 207
4030 1610678854989 208
4031 1610678854989 207
4032 1610678854989 204
4033 1610678854989 207
4034 1610678854989 207
4035 1610678854989 207
4036 1610678854989 207
4037 1610678854989 207
4038 1610678854989 204
4039 1610678854989 207
4040 1610678854989 206
4041 1610678854989 207
4042 1610678854989 206
4043 1610678854994 210
4044 1610678854994 207
4045 1610678854994 207
4046 1610678854994 208
4047 1610678854994 208
4048 1610678854994 210
4049 1610678854994 208
4050 1610678854994 206
4051 1610678854994 207
4052 1610678854994 208
4053 1610678854994 208
4054 1610678854994 207
4055 1610678854994 207
4056 1610678854997 207
4057 1610678854997 205
4058 1610678854997 206
4059 1610678854997 210
4060 1610678854997 206
4061 1610678854997 206
4062 1610678854997 207
4063 1610678854997 209
4064 1610678854997 207
4065 1610678854997 207
4066 1610678854997 208
4067 1610678854997 206
4068 1610678854997 207
4069 1610678855001 205
4070 1610678855001 207
4071 1610678855001 205
4072 1610678855001 205
4073 1610678855001 205
4074 1610678855001 207
4075 1610678855001 211
4076 1610678855001 205
4077 1610678855001 205
4078 1610678855001 207
4079 1610678855001 209
4080 1610678855001 207
4081 1610678855001 209
4082 1610678855005 206
4083 1610678855005 207
4084 1610678855005 207
4085 1610678855005 207
4086 1610678855005 207
4087 1610678855005 206
4088 1610678855005 207
4089 1610678855005 207
4090 1610678855005 206
4091 1610678855005 208
4092 1610678855005 207
4093 1610678855005 204
4094 1610678855005 207
4095 1610678855009 206
4096 1610678855009 207
4097 1610678855009 205
4098 1610678855009 207
4099 1610678855009 208
4100 1610678855009 206
4101 1610678855009 210
4102 1610678855009 207
4103 1610678855009 207
4104 1610678855009 207
4105 1610678855009 205
4106 1610678855009 207
4107 1610678855009 208
4108 1610678855013 208
4109 1610678855013 207
4110 1610678855013 207
4111 1610678855013 207
4112 1610678855013 205
4113 1610678855013 202
4114 1610678855013 207
4115 1610678855013 207
4116 1610678855013 208
4117 1610678855013 205
4118 1610678855013 204
4119 1610678855013 207
4120 1610678855013 207
4121 1610678855018 208
4122 1610678855018 206
4123 1610678855018 209
4124 1610678855018 208
4125 1610678855018 207
4126 1610678855018 206
4127 1610678855018 206
4128 1610678855018 206
4129 1610678855018 208
4130 1610678855018 208
4131 1610678855018 206
4132 1610678855018 206
4133 1610678855018 205
4134 1610678855022 208
4135 1610678855022 209
4136 1610678855022 207
4137 1610678855022 204
4138 1610678855022 209
4139 1610678855022 205
4140 1610678855022 206
4141 1610678855022 207
4142 1610678855022 207
4143 1610678855022 207
4144 1610678855022 204
4145 1610678855022 208
4146 1610678855022 207
4147 1610678855027 210
4148 1610678855027 208
4149 1610678855027 208
4150 1610678855027 207
4151 1610678855027 205
4152 1610678855027 206
4153 1610678855027 207
4154 1610678855027 207
4155 1610678855027 208
4156 1610678855027 206
4157 1610678855027 205
4158 1610678855027 206
4159 1610678855027 206
4160 1610678855030 206
4161 1610678855030 202
4162 1610678855030 206
4163 1610678855030 204
4164 1610678855030 203
4165 1610678855030 201
4166 1610678855030 200
4167 1610678855030 199
4168 1610678855030 205
4169 1610678855030 205
4170 1610678855030 230
4171 1610678855030 354
4172 1610678855030 247
4173 1610678855034 197
4174 1610678855034 185
4175 1610678855034 196
4176 1610678855034 157
4177 1610678855034 154
4178 1610678855034 326
4179 1610678855034 343
4180 1610678855034 309
4181 1610678855034 190
4182 1610678855034 187
4183 1610678855034 197
4184 1610678855034 196
4185 1610678855034 198
4186 1610678855038 202
4187 1610678855038 202
4188 1610678855038 202
4189 1610678855038 206
4190 1610678855038 206
4191 1610678855038 205
4192 1610678855038 207
4193 1610678855038 205
4194 1610678855038 206
4195 1610678855038 203
4196 1610678855038 207
4197 1610678855038 205
4198 1610678855038 207
4199 1610678855042 209
4200 1610678855042 206
4201 1610678855042 206
4202 1610678855042 206
4203 1610678855042 207
4204 1610678855042 207
4205 1610678855042 207
4206 1610678855042 207
4207 1610678855042 207
4208 1610678855042 208
4209 1610678855042 206
4210 1610678855042 205
4211 1610678855042 206
4212 1610678855045 206
4213 1610678855045 208
4214 1610678855045 207
4215 1610678855045 208
4216 1610678855045 208
4217 1610678855045 207
4218 1610678855045 210
4219 1610678855045 206
4220 1610678855045 206
4221 1610678855045 207
4222 1610678855045 206
4223 1610678855045 207
4224 1610678855045 208
4225 1610678855047 205
4226 1610678855047 207
4227 1610678855047 207
4228 1610678855047 207
4229 1610678855047 207
4230 1610678855047 207
4231 1610678855047 208
