1355 1616112787577 -117
1356 1616112787671 -115
1357 1616112787765 -117
1358 1616112787859 -115
1359 1616112787953 -117
1360 1616112788047 -113
1361 1616112788141 -115
1362 1616112788235 -117
1363 1616112788329 -117
1364 1616112788423 -113
1365 1616112788512 -116
1366 1616112788607 -115
1367 1616112788702 -114
1368 1616112788797 -115
1369 1616112788892 -117
1370 1616112788987 -117
1371 1616112789082 -117
1372 1616112789177 -116
1373 1616112789272 -115
1374 1616112789367 -117
1375 1616112789462 -117
1376 1616112789557 -115
1377 1616112789652 -116
1378 1616112789747 -114
1379 1616112789841 -117
1380 1616112789935 -115
1381 1616112790029 -115
1382 1616112790123 -115
1383 1616112790217 -113
1384 1616112790311 -108
1385 1616112790405 -105
1386 1616112790499 -103
1387 1616112790593 -111
1388 1616112790687 -147
1389 1616112790781 -177
1390 1616112790875 -142
1391 1616112790968 -128
1392 1616112791062 -122
1393 1616112791156 -121
1394 1616112791250 -117
1395 1616112791344 -117
1396 1616112791438 -113
1397 1616112791532 -117
1398 1616112791626 -117
1399 1616112791720 -117
1400 1616112791814 -117
1401 1616112791908 -115
1402 1616112792002 -114
1403 1616112792096 -117
1404 1616112792185 -114
1405 1616112792279 -117
1406 1616112792373 -117
1407 1616112792467 -114
1408 1616112792561 -116
1409 1616112792655 -117
1410 1616112792749 -115
1411 1616112792843 -115
1412 1616112792937 -115
1413 1616112793031 -116
1414 1616112793125 -115
1415 1616112793219 -114
1416 1616112793313 -115
1417 1616112793404 -111
1418 1616112793499 -114
1419 1616112793594 -114
1420 1616112793689 -114
1421 1616112793784 -119
1422 1616112793879 -117
1423 1616112793974 -115
1424 1616112794069 -115
1425 1616112794164 -118
1426 1616112794259 -117
1427 1616112794354 -115
1428 1616112794449 -114
1429 1616112794544 -117
1430 1616112794639 -112
1431 1616112794733 -116
1432 1616112794827 -116
1433 1616112794921 -118
1434 1616112795015 -114
1435 1616112795109 -117
1436 1616112795203 -116
1437 1616112795297 -114
1438 1616112795391 -119
1439 1616112795485 -117
1440 1616112795579 -116
1441 1616112795673 -117
1442 1616112795767 -113
1443 1616112795858 -117
1444 1616112795952 -116
1445 1616112796046 -114
1446 1616112796140 -114
1447 1616112796234 -113
1448 1616112796328 -119
1449 1616112796422 -117
1450 1616112796516 -117
1451 1616112796610 -116
1452 1616112796704 -115
1453 1616112796798 -117
1454 1616112796892 -115
1455 1616112796986 -116
1456 1616112797074 -117
1457 1616112797168 -118
1458 1616112797262 -115
1459 1616112797356 -116
1460 1616112797450 -115
1461 1616112797544 -117
1462 1616112797638 -117
1463 1616112797732 -119
1464 1616112797826 -119
1465 1616112797920 -116
1466 1616112798014 -117
1467 1616112798108 -117
1468 1616112798202 -119
1469 1616112798293 -116
1470 1616112798387 -117
1471 1616112798481 -115
1472 1616112798575 -115
1473 1616112798669 -118
1474 1616112798763 -117
1475 1616112798857 -117
1476 1616112798951 -117
1477 1616112799045 -117
1478 1616112799139 -117
1479 1616112799233 -119
1480 1616112799327 -117
1481 1616112799421 -115
1482 1616112799516 -119
1483 1616112799610 -118
1484 1616112799704 -117
1485 1616112799798 -117
1486 1616112799892 -117
1487 1616112799986 -115
1488 1616112800080 -117
1489 1616112800174 -116
1490 1616112800268 -119
1491 1616112800362 -117
1492 1616112800456 -117
1493 1616112800550 -119
1494 1616112800644 -120
1495 1616112800732 -117
1496 1616112800826 -123
1497 1616112800920 -119
1498 1616112801014 -120
1499 1616112801108 -121
1500 1616112801202 -120
1501 1616112801296 -122
1502 1616112801390 -120
1503 1616112801484 -122
1504 1616112801578 -121
1505 1616112801672 -122
1506 1616112801766 -120
1507 1616112801860 -117
1508 1616112801952 -116
1509 1616112802046 -103
1510 1616112802140 -102
1511 1616112802234 -86
1512 1616112802328 -76
1513 1616112802422 -58
1514 1616112802516 -45
1515 1616112802610 -38
1516 1616112802704 -50
1517 1616112802798 -75
1518 1616112802892 -104
1519 1616112802986 -128
1520 1616112803080 -148
1521 1616112803169 -165
1522 1616112803263 -171
1523 1616112803357 -169
1524 1616112803451 -165
1525 1616112803545 -157
1526 1616112803639 -152
1527 1616112803733 -145
1528 1616112803827 -140
1529 1616112803921 -137
1530 1616112804015 -134
1531 1616112804109 -132
1532 1616112804203 -127
1533 1616112804297 -125
1534 1616112804387 -127
1535 1616112804481 -122
1536 1616112804575 -123
1537 1616112804669 -122
1538 1616112804763 -122
1539 1616112804857 -118
1540 1616112804951 -119
1541 1616112805045 -119
1542 1616112805139 -119
1543 1616112805233 -118
1544 1616112805327 -118
1545 1616112805421 -115
1546 1616112805515 -117
1547 1616112805607 -118
1548 1616112805701 -115
1549 1616112805795 -117
1550 1616112805889 -119
1551 1616112805983 -117
1552 1616112806077 -116
1553 1616112806171 -116
1554 1616112806265 -116
1555 1616112806359 -115
1556 1616112806453 -117
1557 1616112806547 -115
1558 1616112806641 -116
1559 1616112806735 -117
1560 1616112806826 -117
1561 1616112806920 -117
1562 1616112807014 -114
1563 1616112807108 -116
1564 1616112807202 -116
1565 1616112807296 -114
1566 1616112807390 -117
1567 1616112807484 -114
1568 1616112807578 -116
1569 1616112807672 -114
1570 1616112807766 -121
1571 1616112807860 -117
1572 1616112807954 -116
1573 1616112808044 -116
1574 1616112808138 -117
1575 1616112808232 -114
1576 1616112808326 -116
1577 1616112808420 -117
1578 1616112808514 -114
1579 1616112808608 -117
1580 1616112808702 -115
1581 1616112808796 -114
1582 1616112808890 -115
1583 1616112808984 -116
1584 1616112809078 -115
1585 1616112809172 -117
1586 1616112809262 -122
1587 1616112809356 -115
1588 1616112809450 -114
1589 1616112809544 -117
1590 1616112809638 -117
1591 1616112809732 -116
1592 1616112809826 -117
