488	1616112706124	-117	0
489	1616112706218	-113	0
490	1616112706312	-116	0
491	1616112706406	-117	0
492	1616112706500	-114	0
493	1616112706594	-115	0
494	1616112706684	-112	0
495	1616112706778	-117	0
496	1616112706872	-115	0
497	1616112706966	-115	0
498	1616112707060	-113	0
499	1616112707154	-116	0
500	1616112707248	-116	0
501	1616112707342	-120	0
502	1616112707436	-114	0
503	1616112707530	-113	0
504	1616112707624	-118	0
505	1616112707718	-116	0
506	1616112707812	-114	0
507	1616112707901	-114	0
508	1616112707995	-117	0
509	1616112708089	-116	0
510	1616112708183	-117	0
511	1616112708277	-115	0
512	1616112708371	-114	0
513	1616112708465	-114	0
514	1616112708559	-114	0
515	1616112708653	-116	0
516	1616112708747	-117	0
517	1616112708841	-115	0
518	1616112708935	-117	0
519	1616112709029	-114	0
520	1616112709122	-115	0
521	1616112709216	-115	0
522	1616112709310	-117	0
523	1616112709404	-115	0
524	1616112709498	-118	0
525	1616112709592	-117	0
526	1616112709686	-118	0
527	1616112709780	-116	0
528	1616112709874	-119	0
529	1616112709968	-119	0
530	1616112710062	-117	1
531	1616112710156	-121	1
532	1616112710250	-117	1
533	1616112710344	-116	1
534	1616112710438	-108	1
535	1616112710532	-92	1
536	1616112710626	-88	1
537	1616112710720	-90	1
538	1616112710814	-97	1
539	1616112710908	-102	1
540	1616112711002	-112	1
541	1616112711096	-121	1
542	1616112711190	-132	1
543	1616112711284	-137	1
544	1616112711378	-131	1
545	1616112711472	-125	1
546	1616112711562	-119	1
547	1616112711656	-114	1
548	1616112711750	-114	1
549	1616112711844	-119	1
550	1616112711938	-117	1
551	1616112712032	-113	0
552	1616112712126	-114	0
553	1616112712220	-113	0
554	1616112712314	-115	0
555	1616112712408	-116	0
556	1616112712502	-115	0
557	1616112712596	-116	0
558	1616112712690	-115	0
559	1616112712779	-112	0
560	1616112712873	-116	0
561	1616112712967	-113	0
562	1616112713061	-114	0
563	1616112713155	-117	0
564	1616112713249	-114	0
565	1616112713343	-117	0
566	1616112713437	-112	0
567	1616112713531	-116	0
568	1616112713625	-114	0
569	1616112713719	-117	0
570	1616112713813	-117	0
571	1616112713907	-112	0
572	1616112713998	-114	0
573	1616112714092	-118	0
574	1616112714186	-114	0
575	1616112714280	-114	0
576	1616112714374	-113	0
577	1616112714468	-112	0
578	1616112714562	-117	0
579	1616112714656	-113	0
580	1616112714750	-114	0
581	1616112714844	-118	0
582	1616112714938	-116	0
583	1616112715032	-113	0
584	1616112715126	-115	0
585	1616112715214	-113	0
586	1616112715308	-116	0
587	1616112715402	-117	0
588	1616112715496	-115	0
589	1616112715590	-114	0
590	1616112715684	-116	0
591	1616112715778	-113	0
592	1616112715872	-113	0
593	1616112715966	-116	0
594	1616112716060	-113	0
595	1616112716154	-113	0
596	1616112716248	-117	0
597	1616112716342	-112	0
598	1616112716434	-115	0
599	1616112716528	-115	0
600	1616112716622	-116	0
601	1616112716716	-112	0
602	1616112716810	-115	0
603	1616112716904	-115	0
604	1616112716998	-115	0
605	1616112717092	-113	0
606	1616112717186	-113	0
607	1616112717280	-113	0
608	1616112717374	-115	0
609	1616112717468	-116	0
610	1616112717562	-114	0
611	1616112717654	-115	0
612	1616112717748	-115	0
613	1616112717842	-117	0
614	1616112717936	-117	0
615	1616112718030	-114	0
616	1616112718124	-116	0
617	1616112718218	-117	0
618	1616112718312	-115	0
619	1616112718406	-114	0
620	1616112718500	-117	0
621	1616112718594	-116	0
622	1616112718688	-116	0
623	1616112718782	-117	0
624	1616112718873	-119	0
625	1616112718967	-117	0
626	1616112719061	-115	0
627	1616112719155	-117	0
628	1616112719249	-116	0
629	1616112719343	-118	0
630	1616112719437	-113	0
631	1616112719531	-114	0
632	1616112719625	-116	0
633	1616112719719	-116	0
634	1616112719813	-114	0
635	1616112719907	-116	0
636	1616112720001	-116	0
637	1616112720089	-112	0
638	1616112720183	-114	0
639	1616112720277	-112	0
640	1616112720371	-114	0
641	1616112720465	-112	0
642	1616112720559	-114	0
643	1616112720653	-117	0
644	1616112720747	-116	0
645	1616112720841	-113	0
646	1616112720935	-116	0
647	1616112721029	-114	0
648	1616112721123	-113	0
649	1616112721217	-117	0
650	1616112721309	-113	0
651	1616112721403	-116	0
652	1616112721497	-113	0
653	1616112721591	-115	0
654	1616112721685	-116	0
655	1616112721779	-116	0
656	1616112721873	-114	0
657	1616112721967	-116	0
658	1616112722061	-116	0
659	1616112722155	-115	0
660	1616112722249	-116	0
661	1616112722343	-119	0
662	1616112722437	-115	0
663	1616112722528	-113	0
664	1616112722622	-113	0
665	1616112722716	-112	0
666	1616112722810	-115	0
667	1616112722904	-117	0
668	1616112722998	-114	0
669	1616112723092	-114	0
670	1616112723186	-116	0
671	1616112723280	-113	0
672	1616112723374	-117	0
673	1616112723468	-115	0
674	1616112723562	-112	0
675	1616112723656	-117	0
676	1616112723746	-110	0
677	1616112723840	-117	0
678	1616112723934	-114	0
679	1616112724028	-116	0
680	1616112724122	-114	0
681	1616112724216	-117	0
682	1616112724310	-114	0
683	1616112724404	-115	0
684	1616112724498	-114	0
685	1616112724592	-114	0
686	1616112724686	-115	0
687	1616112724780	-115	0
688	1616112724874	-116	0
689	1616112724967	-115	0
690	1616112725061	-117	0
691	1616112725155	-115	0
692	1616112725249	-118	0
693	1616112725343	-112	0
694	1616112725437	-116	0
695	1616112725531	-112	0
696	1616112725625	-114	0
697	1616112725719	-115	0
698	1616112725813	-117	0
699	1616112725907	-115	0
700	1616112726001	-116	0
701	1616112726095	-117	0
702	1616112726186	-117	0
703	1616112726280	-114	0
704	1616112726374	-118	0
705	1616112726468	-117	0
706	1616112726562	-116	0
707	1616112726656	-114	0
708	1616112726750	-115	0
709	1616112726844	-114	0
710	1616112726938	-114	0
711	1616112727032	-118	0
712	1616112727126	-112	0
713	1616112727220	-115	0
714	1616112727314	-114	0
715	1616112727402	-114	0
716	1616112727497	-117	0
717	1616112727592	-116	0
718	1616112727687	-115	0
719	1616112727782	-114	0
720	1616112727877	-116	0
721	1616112727972	-115	0
722	1616112728067	-113	0
723	1616112728162	-111	0
724	1616112728257	-115	0
725	1616112728352	-109	0
726	1616112728447	-113	0
727	1616112728542	-117	0
728	1616112728636	-116	0
729	1616112728730	-114	0
730	1616112728824	-116	1
731	1616112728918	-113	1
732	1616112729012	-116	1
733	1616112729106	-123	1
734	1616112729200	-127	1
735	1616112729294	-128	1
736	1616112729388	-142	1
737	1616112729482	-145	1
738	1616112729576	-135	1
739	1616112729670	-117	1
740	1616112729764	-104	1
741	1616112729856	-103	1
742	1616112729950	-105	1
743	1616112730044	-113	1
744	1616112730138	-110	1
745	1616112730232	-110	1
746	1616112730326	-112	0
747	1616112730420	-115	0
748	1616112730514	-113	0
749	1616112730608	-113	0
750	1616112730702	-114	0
751	1616112730796	-117	0
752	1616112730890	-115	0
753	1616112730984	-116	0
754	1616112731074	-114	0
755	1616112731170	-113	0
756	1616112731266	-117	0
757	1616112731362	-117	0
758	1616112731458	-116	0
759	1616112731554	-113	0
760	1616112731650	-115	0
761	1616112731746	-117	0
762	1616112731842	-115	0
763	1616112731938	-115	0
764	1616112732034	-115	0
765	1616112732130	-111	0
766	1616112732226	-112	0
767	1616112732318	-114	0
768	1616112732412	-115	0
769	1616112732506	-115	0
770	1616112732600	-116	0
771	1616112732694	-116	0
772	1616112732788	-116	0
773	1616112732882	-115	0
774	1616112732976	-114	0
775	1616112733070	-115	0
776	1616112733164	-115	0
777	1616112733258	-115	0
778	1616112733352	-113	0
779	1616112733446	-114	0
780	1616112733535	-117	0
781	1616112733629	-116	0
782	1616112733723	-116	0
783	1616112733817	-117	0
784	1616112733911	-114	0
785	1616112734005	-116	0
786	1616112734099	-113	0
787	1616112734193	-112	0
788	1616112734287	-115	0
789	1616112734381	-116	0
790	1616112734475	-117	0
791	1616112734569	-116	0
792	1616112734663	-116	0
793	1616112734755	-115	0
794	1616112734849	-116	0
795	1616112734943	-114	0
796	1616112735037	-115	0
797	1616112735131	-117	0
798	1616112735225	-117	0
799	1616112735319	-114	0
800	1616112735413	-117	0
801	1616112735507	-114	0
802	1616112735601	-114	0
803	1616112735695	-117	0
804	1616112735789	-116	0
805	1616112735883	-117	0
