6398 1618476587820 -9
6399 1618476587914 -9
6400 1618476588008 -9
6401 1618476588102 -11
6402 1618476588196 -8
6403 1618476588290 -7
6404 1618476588384 -5
6405 1618476588478 -7
6406 1618476588572 -10
6407 1618476588666 -8
6408 1618476588760 -10
6409 1618476588851 -6
6410 1618476588945 -5
6411 1618476589039 -9
6412 1618476589133 -9
6413 1618476589227 -10
6414 1618476589321 -8
6415 1618476589415 -12
6416 1618476589509 -8
6417 1618476589603 -9
6418 1618476589697 -9
6419 1618476589791 -10
6420 1618476589885 -7
6421 1618476589979 -7
6422 1618476590076 -10
6423 1618476590169 -8
6424 1618476590262 -11
6425 1618476590355 -11
6426 1618476590448 -11
6427 1618476590541 -9
6428 1618476590634 -11
6429 1618476590727 -11
6430 1618476590820 -10
6431 1618476590913 -10
6432 1618476591006 -8
6433 1618476591099 -9
6434 1618476591192 -11
6435 1618476591288 -14
6436 1618476591382 -15
6437 1618476591476 -14
6438 1618476591570 -15
6439 1618476591664 -11
6440 1618476591758 -13
6441 1618476591852 -15
6442 1618476591946 -18
6443 1618476592040 -20
6444 1618476592134 -19
6445 1618476592228 -24
6446 1618476592322 -23
6447 1618476592416 -27
6448 1618476592510 -32
6449 1618476592604 -32
6450 1618476592698 -16
6451 1618476592792 -46
6452 1618476592886 -12
6453 1618476592980 -66
6454 1618476593074 -10
6455 1618476593168 29
6456 1618476593262 90
6457 1618476593356 67
6458 1618476593450 29
6459 1618476593544 -27
6460 1618476593638 -46
6461 1618476593729 -85
6462 1618476593823 -122
6463 1618476593917 -124
6464 1618476594011 -92
6465 1618476594105 -22
6466 1618476594199 -20
6467 1618476594293 33
6468 1618476594387 50
6469 1618476594481 63
6470 1618476594575 76
6471 1618476594669 72
6472 1618476594763 57
6473 1618476594857 42
6474 1618476594956 28
6475 1618476595050 24
6476 1618476595144 15
6477 1618476595238 9
6478 1618476595332 7
6479 1618476595426 0
6480 1618476595520 0
6481 1618476595614 -3
6482 1618476595708 -1
6483 1618476595802 -5
6484 1618476595896 -4
6485 1618476595990 -4
6486 1618476596084 -3
6487 1618476596172 -4
6488 1618476596267 -6
6489 1618476596362 -4
6490 1618476596457 -7
6491 1618476596552 -5
6492 1618476596647 -11
6493 1618476596742 -9
6494 1618476596837 -5
6495 1618476596932 -9
6496 1618476597027 -10
6497 1618476597122 -8
6498 1618476597217 -5
6499 1618476597312 -9
6500 1618476597410 -7
6501 1618476597504 -10
6502 1618476597598 -8
6503 1618476597692 -7
6504 1618476597786 -7
6505 1618476597880 -9
6506 1618476597974 -8
6507 1618476598068 -9
6508 1618476598162 -7
6509 1618476598256 -9
6510 1618476598350 -10
6511 1618476598444 -10
6512 1618476598538 -8
6513 1618476598627 -10
6514 1618476598721 -10
6515 1618476598815 -8
6516 1618476598909 -9
6517 1618476599003 -8
6518 1618476599097 -9
6519 1618476599191 -8
6520 1618476599285 -8
6521 1618476599379 -10
6522 1618476599473 -7
6523 1618476599567 -9
6524 1618476599661 -5
6525 1618476599755 -7
6526 1618476599852 -8
6527 1618476599946 -11
6528 1618476600040 -9
6529 1618476600134 -6
6530 1618476600228 -9
6531 1618476600322 -9
6532 1618476600416 -6
6533 1618476600510 -9
6534 1618476600604 -8
6535 1618476600698 -10
6536 1618476600792 -10
6537 1618476600886 -7
6538 1618476600980 -9
6539 1618476601071 -10
6540 1618476601165 -8
6541 1618476601259 -9
6542 1618476601353 -9
6543 1618476601447 -7
6544 1618476601541 -13
6545 1618476601635 -9
6546 1618476601729 -7
6547 1618476601823 -8
6548 1618476601917 -5
6549 1618476602011 -8
6550 1618476602105 -6
6551 1618476602199 -8
6552 1618476602289 -7
6553 1618476602383 -5
6554 1618476602477 -8
6555 1618476602571 -9
6556 1618476602665 -7
6557 1618476602759 -10
6558 1618476602853 -6
6559 1618476602947 -8
6560 1618476603041 -5
6561 1618476603135 -8
6562 1618476603229 -5
6563 1618476603323 -10
6564 1618476603417 -5
6565 1618476603515 -7
6566 1618476603611 -6
6567 1618476603707 -8
6568 1618476603803 -6
6569 1618476603899 -5
6570 1618476603995 -5
6571 1618476604091 -5
6572 1618476604187 -5
6573 1618476604283 -4
6574 1618476604379 -3
6575 1618476604475 -3
6576 1618476604571 1
6577 1618476604667 0
6578 1618476604769 13
6579 1618476604861 15
6580 1618476604953 23
6581 1618476605045 42
6582 1618476605137 66
6583 1618476605229 70
6584 1618476605321 68
6585 1618476605413 20
6586 1618476605505 -28
6587 1618476605597 -133
6588 1618476605689 -81
6589 1618476605781 -49
6590 1618476605873 78
6591 1618476605970 -79
6592 1618476606064 -13
6593 1618476606158 -20
6594 1618476606252 -37
6595 1618476606346 -28
6596 1618476606440 -20
6597 1618476606534 -17
6598 1618476606628 -16
6599 1618476606722 -13
6600 1618476606816 -10
6601 1618476606910 -14
6602 1618476607004 -11
6603 1618476607098 -10
6604 1618476607190 -9
6605 1618476607285 -11
6606 1618476607380 -10
6607 1618476607475 -14
6608 1618476607570 -9
6609 1618476607665 -9
6610 1618476607760 -11
6611 1618476607855 -10
6612 1618476607950 -9
6613 1618476608045 -9
6614 1618476608140 -10
6615 1618476608235 -8
6616 1618476608330 -10
6617 1618476608424 -8
6618 1618476608517 -8
6619 1618476608610 -11
6620 1618476608703 -9
6621 1618476608796 -9
6622 1618476608889 -8
6623 1618476608982 -11
6624 1618476609075 -8
6625 1618476609168 -9
6626 1618476609261 -10
6627 1618476609354 -10
6628 1618476609447 -10
6629 1618476609540 -8
6630 1618476609639 -10
6631 1618476609734 -7
6632 1618476609829 -8
6633 1618476609924 -10
6634 1618476610019 -10
6635 1618476610114 -9
6636 1618476610209 -8
6637 1618476610304 -10
6638 1618476610399 -12
6639 1618476610494 -12
6640 1618476610589 -8
6641 1618476610684 -11
6642 1618476610779 -10
6643 1618476610878 -7
6644 1618476610972 -10
