5664 1616035578864 238
5665 1616035578958 239
5666 1616035579052 237
5667 1616035579146 234
5668 1616035579235 237
5669 1616035579329 237
5670 1616035579423 236
5671 1616035579517 236
5672 1616035579611 239
5673 1616035579705 237
5674 1616035579799 234
5675 1616035579893 237
5676 1616035579987 236
5677 1616035580081 238
5678 1616035580175 237
5679 1616035580269 239
5680 1616035580363 237
5681 1616035580455 240
5682 1616035580549 239
5683 1616035580643 235
5684 1616035580737 238
5685 1616035580831 238
5686 1616035580925 237
5687 1616035581019 236
5688 1616035581113 239
5689 1616035581207 236
5690 1616035581301 238
5691 1616035581395 237
5692 1616035581489 235
5693 1616035581583 238
5694 1616035581674 238
5695 1616035581768 237
5696 1616035581862 237
5697 1616035581956 239
5698 1616035582050 237
5699 1616035582144 237
5700 1616035582238 237
5701 1616035582332 237
5702 1616035582426 235
5703 1616035582520 236
5704 1616035582614 239
5705 1616035582708 239
5706 1616035582802 237
5707 1616035582893 239
5708 1616035582987 237
5709 1616035583081 242
5710 1616035583175 244
5711 1616035583269 254
5712 1616035583363 264
5713 1616035583457 270
5714 1616035583551 265
5715 1616035583645 251
5716 1616035583739 223
5717 1616035583833 189
5718 1616035583927 177
5719 1616035584021 160
5720 1616035584115 142
5721 1616035584209 128
5722 1616035584303 139
5723 1616035584397 167
5724 1616035584491 183
5725 1616035584585 201
5726 1616035584679 209
5727 1616035584773 216
5728 1616035584867 224
5729 1616035584961 225
5730 1616035585055 225
5731 1616035585149 230
5732 1616035585243 232
5733 1616035585337 236
5734 1616035585431 234
5735 1616035585525 235
5736 1616035585619 238
5737 1616035585713 237
5738 1616035585807 231
5739 1616035585901 236
5740 1616035585995 236
5741 1616035586089 233
5742 1616035586183 236
5743 1616035586277 239
5744 1616035586371 237
5745 1616035586465 235
5746 1616035586557 237
5747 1616035586651 237
5748 1616035586745 236
5749 1616035586839 239
5750 1616035586933 239
5751 1616035587027 236
5752 1616035587121 235
5753 1616035587215 236
5754 1616035587309 234
5755 1616035587403 237
5756 1616035587497 237
5757 1616035587591 235
5758 1616035587685 235
5759 1616035587776 236
5760 1616035587870 236
5761 1616035587964 236
5762 1616035588058 237
5763 1616035588152 237
5764 1616035588246 238
5765 1616035588340 240
5766 1616035588434 235
5767 1616035588528 237
5768 1616035588622 238
5769 1616035588716 240
5770 1616035588810 235
5771 1616035588904 236
5772 1616035588994 238
5773 1616035589089 237
5774 1616035589184 238
5775 1616035589279 237
5776 1616035589374 236
5777 1616035589469 234
5778 1616035589564 237
5779 1616035589659 237
5780 1616035589754 236
5781 1616035589849 243
5782 1616035589944 236
5783 1616035590039 237
5784 1616035590134 237
5785 1616035590230 237
5786 1616035590324 234
5787 1616035590418 237
5788 1616035590512 237
5789 1616035590606 235
5790 1616035590700 241
5791 1616035590794 239
5792 1616035590888 235
5793 1616035590982 238
5794 1616035591076 239
5795 1616035591170 238
5796 1616035591264 237
5797 1616035591358 237
5798 1616035591449 236
5799 1616035591543 236
5800 1616035591637 238
5801 1616035591731 234
5802 1616035591825 237
5803 1616035591919 237
5804 1616035592013 236
5805 1616035592107 238
5806 1616035592201 237
5807 1616035592295 237
5808 1616035592389 239
5809 1616035592483 237
5810 1616035592577 235
5811 1616035592665 237
5812 1616035592760 235
5813 1616035592855 238
5814 1616035592950 237
5815 1616035593045 239
5816 1616035593140 237
5817 1616035593235 237
5818 1616035593330 236
5819 1616035593425 237
5820 1616035593520 236
5821 1616035593615 237
5822 1616035593710 237
5823 1616035593805 237
5824 1616035593899 237
5825 1616035593994 237
5826 1616035594089 235
5827 1616035594184 236
5828 1616035594279 237
5829 1616035594374 237
5830 1616035594469 240
5831 1616035594564 236
5832 1616035594659 238
5833 1616035594754 235
5834 1616035594849 241
5835 1616035594944 237
5836 1616035595039 235
5837 1616035595134 237
5838 1616035595228 237
5839 1616035595322 236
5840 1616035595416 237
5841 1616035595510 236
5842 1616035595604 237
5843 1616035595698 237
5844 1616035595792 237
5845 1616035595886 236
5846 1616035595980 238
5847 1616035596074 237
5848 1616035596168 237
5849 1616035596262 236
5850 1616035596353 236
5851 1616035596447 237
5852 1616035596541 237
5853 1616035596635 238
5854 1616035596729 241
5855 1616035596823 235
5856 1616035596917 237
5857 1616035597011 239
5858 1616035597105 237
5859 1616035597199 236
5860 1616035597293 238
5861 1616035597387 237
5862 1616035597481 238
5863 1616035597574 237
5864 1616035597668 238
5865 1616035597762 235
5866 1616035597856 234
5867 1616035597950 239
5868 1616035598044 238
5869 1616035598138 240
5870 1616035598232 235
5871 1616035598326 236
5872 1616035598420 235
5873 1616035598514 235
5874 1616035598608 238
5875 1616035598702 238
5876 1616035598799 236
5877 1616035598893 240
5878 1616035598987 237
5879 1616035599081 237
5880 1616035599175 236
5881 1616035599269 237
5882 1616035599363 237
5883 1616035599457 237
5884 1616035599551 237
5885 1616035599645 239
5886 1616035599739 240
5887 1616035599833 237
5888 1616035599927 238
5889 1616035600017 237
5890 1616035600111 235
5891 1616035600205 237
5892 1616035600299 236
5893 1616035600393 238
5894 1616035600487 238
5895 1616035600581 240
5896 1616035600675 234
5897 1616035600769 238
5898 1616035600863 236
5899 1616035600957 238
5900 1616035601051 237
5901 1616035601145 238
5902 1616035601236 239
5903 1616035601330 237
5904 1616035601424 238
5905 1616035601518 235
5906 1616035601612 238
5907 1616035601706 237
5908 1616035601800 236
5909 1616035601894 235
5910 1616035601988 242
5911 1616035602082 237
5912 1616035602176 238
5913 1616035602270 237
5914 1616035602364 237
5915 1616035602454 237
5916 1616035602548 239
5917 1616035602642 240
5918 1616035602736 239
5919 1616035602830 238
5920 1616035602924 237
5921 1616035603018 238
5922 1616035603112 237
5923 1616035603206 237
5924 1616035603300 237
5925 1616035603394 235
5926 1616035603488 240
5927 1616035603582 235
5928 1616035603673 237
5929 1616035603767 237
5930 1616035603861 238
5931 1616035603955 237
5932 1616035604049 238
5933 1616035604143 236
5934 1616035604237 238
5935 1616035604331 237
5936 1616035604425 237
5937 1616035604519 238
5938 1616035604613 241
5939 1616035604707 237
5940 1616035604801 237
5941 1616035604892 238
5942 1616035604986 238
5943 1616035605080 239
5944 1616035605174 237
5945 1616035605268 237
5946 1616035605362 235
5947 1616035605456 239
5948 1616035605550 237
5949 1616035605644 237
5950 1616035605738 238
5951 1616035605832 234
5952 1616035605926 237
5953 1616035606020 237
5954 1616035606112 234
5955 1616035606206 233
5956 1616035606300 237
5957 1616035606394 237
5958 1616035606488 235
5959 1616035606582 233
5960 1616035606676 233
5961 1616035606770 232
5962 1616035606864 237
5963 1616035606958 233
5964 1616035607052 235
5965 1616035607146 231
5966 1616035607240 235
5967 1616035607332 229
5968 1616035607426 231
5969 1616035607520 226
5970 1616035607614 227
5971 1616035607708 222
5972 1616035607802 219
5973 1616035607896 215
5974 1616035607990 210
5975 1616035608084 202
5976 1616035608178 193
5977 1616035608272 178
5978 1616035608366 166
5979 1616035608460 150
5980 1616035608550 148
5981 1616035608644 157
5982 1616035608738 168
5983 1616035608832 181
5984 1616035608926 190
5985 1616035609020 202
5986 1616035609114 220
5987 1616035609208 238
5988 1616035609302 253
5989 1616035609396 265
5990 1616035609490 267
5991 1616035609584 260
5992 1616035609678 255
5993 1616035609770 248
5994 1616035609864 242
5995 1616035609958 241
5996 1616035610052 239
5997 1616035610146 237
5998 1616035610240 238
5999 1616035610334 237
6000 1616035610428 238
6001 1616035610522 235
6002 1616035610616 238
6003 1616035610710 237
6004 1616035610804 237
6005 1616035610898 239
6006 1616035610997 237
6007 1616035611092 234
6008 1616035611187 238
6009 1616035611282 239
6010 1616035611377 237
6011 1616035611472 235
6012 1616035611567 237
6013 1616035611662 237
6014 1616035611757 239
6015 1616035611852 237
6016 1616035611947 239
6017 1616035612042 237
6018 1616035612137 236
6019 1616035612230 237
6020 1616035612324 237
6021 1616035612418 235
6022 1616035612512 237
6023 1616035612606 240
6024 1616035612700 236
6025 1616035612794 237
6026 1616035612888 237
6027 1616035612982 237
6028 1616035613076 235
6029 1616035613170 236
6030 1616035613264 237
6031 1616035613358 236
6032 1616035613449 237
6033 1616035613543 237
6034 1616035613637 242
6035 1616035613731 236
6036 1616035613825 238
6037 1616035613919 237
6038 1616035614013 237
