2461 1618477293971 235
2462 1618477294065 236
2463 1618477294159 235
2464 1618477294253 237
2465 1618477294347 232
2466 1618477294441 236
2467 1618477294535 237
2468 1618477294629 231
2469 1618477294723 232
2470 1618477294814 234
2471 1618477294909 233
2472 1618477295004 235
2473 1618477295099 234
2474 1618477295194 236
2475 1618477295289 237
2476 1618477295384 234
2477 1618477295479 235
2478 1618477295574 236
2479 1618477295669 235
2480 1618477295764 237
2481 1618477295859 233
2482 1618477295954 233
2483 1618477296047 232
2484 1618477296141 236
2485 1618477296235 234
2486 1618477296329 232
2487 1618477296423 233
2488 1618477296517 232
2489 1618477296611 236
2490 1618477296705 235
2491 1618477296799 237
2492 1618477296893 232
2493 1618477296987 235
2494 1618477297081 232
2495 1618477297175 234
2496 1618477297268 234
2497 1618477297363 235
2498 1618477297458 232
2499 1618477297553 238
2500 1618477297648 233
2501 1618477297743 234
2502 1618477297838 234
2503 1618477297933 234
2504 1618477298028 232
2505 1618477298123 233
2506 1618477298218 230
2507 1618477298313 232
2508 1618477298408 237
2509 1618477298499 230
2510 1618477298593 230
2511 1618477298687 229
2512 1618477298781 230
2513 1618477298875 228
2514 1618477298969 220
2515 1618477299063 214
2516 1618477299157 200
2517 1618477299251 160
2518 1618477299345 177
2519 1618477299439 207
2520 1618477299533 251
2521 1618477299627 295
2522 1618477299726 252
2523 1618477299820 205
2524 1618477299914 181
2525 1618477300008 157
2526 1618477300102 127
2527 1618477300196 152
2528 1618477300290 189
2529 1618477300384 303
2530 1618477300478 279
2531 1618477300572 331
2532 1618477300666 318
2533 1618477300760 307
2534 1618477300854 300
2535 1618477300943 285
2536 1618477301037 268
2537 1618477301131 259
2538 1618477301225 253
2539 1618477301319 247
2540 1618477301413 246
2541 1618477301507 242
2542 1618477301601 242
2543 1618477301695 241
2544 1618477301789 242
2545 1618477301883 237
2546 1618477301977 237
2547 1618477302071 236
2548 1618477302161 237
2549 1618477302255 235
2550 1618477302349 236
2551 1618477302443 236
2552 1618477302537 236
2553 1618477302631 236
2554 1618477302725 234
2555 1618477302819 237
2556 1618477302913 236
2557 1618477303007 234
2558 1618477303101 237
2559 1618477303195 236
2560 1618477303289 236
2561 1618477303379 235
2562 1618477303474 234
2563 1618477303569 234
2564 1618477303664 234
2565 1618477303759 234
2566 1618477303854 237
2567 1618477303949 234
2568 1618477304044 235
2569 1618477304139 233
2570 1618477304234 234
2571 1618477304329 236
2572 1618477304424 234
2573 1618477304519 233
2574 1618477304608 236
2575 1618477304703 236
2576 1618477304798 232
2577 1618477304893 233
2578 1618477304988 235
2579 1618477305083 236
2580 1618477305178 233
2581 1618477305273 239
2582 1618477305368 239
2583 1618477305463 235
2584 1618477305558 233
2585 1618477305653 237
2586 1618477305748 235
2587 1618477305844 236
2588 1618477305938 237
2589 1618477306032 234
2590 1618477306126 236
2591 1618477306220 235
2592 1618477306314 235
2593 1618477306408 233
2594 1618477306502 237
2595 1618477306596 237
2596 1618477306690 236
2597 1618477306784 238
2598 1618477306878 235
2599 1618477306972 233
2600 1618477307060 235
2601 1618477307154 235
2602 1618477307248 234
2603 1618477307342 236
2604 1618477307436 234
2605 1618477307530 235
2606 1618477307624 236
2607 1618477307718 235
2608 1618477307812 237
2609 1618477307906 234
2610 1618477308000 233
2611 1618477308094 237
2612 1618477308188 236
2613 1618477308277 235
2614 1618477308371 235
2615 1618477308465 234
2616 1618477308559 235
2617 1618477308653 233
2618 1618477308747 234
2619 1618477308841 239
2620 1618477308935 233
2621 1618477309029 234
2622 1618477309123 236
2623 1618477309217 235
2624 1618477309311 234
2625 1618477309405 237
2626 1618477309498 237
2627 1618477309592 234
2628 1618477309686 233
2629 1618477309780 236
2630 1618477309874 237
2631 1618477309968 235
2632 1618477310062 237
2633 1618477310156 236
2634 1618477310250 236
2635 1618477310344 237
2636 1618477310438 236
2637 1618477310532 234
2638 1618477310626 237
2639 1618477310716 238
2640 1618477310810 237
2641 1618477310904 239
2642 1618477310998 242
2643 1618477311092 247
2644 1618477311186 252
2645 1618477311280 264
2646 1618477311374 292
2647 1618477311468 313
2648 1618477311562 316
2649 1618477311656 258
2650 1618477311750 139
2651 1618477311844 156
2652 1618477311937 200
2653 1618477312031 244
2654 1618477312125 246
2655 1618477312219 192
2656 1618477312313 148
2657 1618477312407 212
2658 1618477312501 226
2659 1618477312595 233
2660 1618477312689 233
2661 1618477312783 234
2662 1618477312877 236
2663 1618477312971 233
2664 1618477313065 236
2665 1618477313157 233
2666 1618477313251 236
2667 1618477313345 242
2668 1618477313439 237
2669 1618477313533 235
2670 1618477313627 236
2671 1618477313721 235
2672 1618477313815 232
2673 1618477313909 234
2674 1618477314003 233
2675 1618477314097 237
2676 1618477314191 233
2677 1618477314285 235
2678 1618477314374 237
2679 1618477314468 232
2680 1618477314562 236
2681 1618477314656 234
2682 1618477314750 233
2683 1618477314844 240
2684 1618477314938 234
2685 1618477315032 235
2686 1618477315126 234
2687 1618477315220 234
2688 1618477315314 233
2689 1618477315408 234
2690 1618477315502 236
2691 1618477315593 235
2692 1618477315687 231
2693 1618477315781 235
2694 1618477315875 236
2695 1618477315969 235
2696 1618477316063 236
2697 1618477316157 233
2698 1618477316251 232
2699 1618477316345 242
2700 1618477316439 234
2701 1618477316533 234
2702 1618477316627 233
2703 1618477316721 233
2704 1618477316815 234
2705 1618477316908 233
2706 1618477317001 233
2707 1618477317094 233
