3590 1610678757875 324
3591 1610678757969 325
3592 1610678758063 325
3593 1610678758157 328
3594 1610678758251 325
3595 1610678758345 328
3596 1610678758439 323
3597 1610678758533 326
3598 1610678758627 326
3599 1610678758721 326
3600 1610678758815 324
3601 1610678758907 332
3602 1610678759001 327
3603 1610678759095 326
3604 1610678759189 325
3605 1610678759283 325
3606 1610678759377 325
3607 1610678759471 327
3608 1610678759565 325
3609 1610678759659 327
3610 1610678759753 323
3611 1610678759847 326
3612 1610678759941 325
3613 1610678760035 325
3614 1610678760124 327
3615 1610678760218 322
3616 1610678760312 323
3617 1610678760406 333
3618 1610678760500 325
3619 1610678760594 325
3620 1610678760688 324
3621 1610678760782 325
3622 1610678760876 324
3623 1610678760970 325
3624 1610678761064 325
3625 1610678761158 322
3626 1610678761252 322
3627 1610678761344 320
3628 1610678761438 321
3629 1610678761532 320
3630 1610678761626 315
3631 1610678761720 322
3632 1610678761814 403
3633 1610678761908 407
3634 1610678762002 295
3635 1610678762096 271
3636 1610678762190 405
3637 1610678762284 465
3638 1610678762378 21
3639 1610678762472 -211
3640 1610678762562 320
3641 1610678762656 294
3642 1610678762750 267
3643 1610678762844 193
3644 1610678762938 145
3645 1610678763032 194
3646 1610678763126 241
3647 1610678763220 269
3648 1610678763314 288
3649 1610678763408 296
3650 1610678763502 306
3651 1610678763596 309
3652 1610678763690 313
3653 1610678763782 317
3654 1610678763876 318
3655 1610678763970 321
3656 1610678764064 320
3657 1610678764158 324
3658 1610678764252 323
3659 1610678764346 326
3660 1610678764440 323
3661 1610678764534 323
3662 1610678764628 325
3663 1610678764722 321
3664 1610678764816 324
3665 1610678764910 324
3666 1610678765001 325
3667 1610678765095 322
3668 1610678765189 324
3669 1610678765283 325
3670 1610678765377 325
3671 1610678765471 325
3672 1610678765565 324
3673 1610678765659 327
3674 1610678765753 324
3675 1610678765847 325
3676 1610678765941 325
3677 1610678766035 324
3678 1610678766129 324
3679 1610678766219 325
3680 1610678766313 325
3681 1610678766407 325
3682 1610678766501 325
3683 1610678766595 327
3684 1610678766689 321
3685 1610678766783 324
3686 1610678766877 324
3687 1610678766971 325
3688 1610678767065 323
3689 1610678767159 327
3690 1610678767253 325
3691 1610678767347 328
3692 1610678767436 324
3693 1610678767530 324
3694 1610678767624 326
3695 1610678767718 324
3696 1610678767812 325
3697 1610678767906 327
3698 1610678768000 325
3699 1610678768094 324
3700 1610678768188 325
3701 1610678768282 326
3702 1610678768376 326
3703 1610678768470 323
3704 1610678768564 325
3705 1610678768655 326
3706 1610678768749 327
3707 1610678768843 325
3708 1610678768937 325
3709 1610678769031 323
3710 1610678769125 323
3711 1610678769219 324
3712 1610678769313 325
3713 1610678769407 325
3714 1610678769501 325
3715 1610678769595 324
3716 1610678769689 325
3717 1610678769783 325
3718 1610678769873 326
3719 1610678769967 326
3720 1610678770061 327
3721 1610678770155 325
3722 1610678770249 324
3723 1610678770343 325
3724 1610678770437 325
3725 1610678770531 329
3726 1610678770625 325
3727 1610678770719 326
3728 1610678770813 326
3729 1610678770907 330
3730 1610678771001 325
3731 1610678771095 327
3732 1610678771189 320
3733 1610678771283 320
3734 1610678771377 307
3735 1610678771471 287
3736 1610678771565 174
3737 1610678771659 70
3738 1610678771753 105
3739 1610678771847 325
3740 1610678771941 266
3741 1610678772035 412
3742 1610678772129 438
3743 1610678772223 365
3744 1610678772312 334
3745 1610678772406 291
3746 1610678772500 235
3747 1610678772594 320
3748 1610678772688 249
3749 1610678772782 254
3750 1610678772876 292
3751 1610678772970 323
3752 1610678773064 327
3753 1610678773158 331
3754 1610678773252 331
3755 1610678773346 328
3756 1610678773440 327
3757 1610678773532 327
3758 1610678773626 328
3759 1610678773720 326
3760 1610678773814 327
3761 1610678773908 324
3762 1610678774002 325
3763 1610678774096 327
3764 1610678774190 322
3765 1610678774284 326
3766 1610678774378 327
3767 1610678774472 329
3768 1610678774566 326
3769 1610678774660 327
3770 1610678774748 325
3771 1610678774842 325
3772 1610678774936 326
3773 1610678775030 329
3774 1610678775124 324
3775 1610678775218 324
3776 1610678775312 325
3777 1610678775406 328
3778 1610678775500 325
3779 1610678775594 327
3780 1610678775688 325
3781 1610678775782 325
3782 1610678775876 327
3783 1610678775967 325
3784 1610678776061 325
3785 1610678776155 325
3786 1610678776249 324
3787 1610678776343 325
3788 1610678776437 325
3789 1610678776531 326
3790 1610678776625 324
3791 1610678776719 324
3792 1610678776813 325
3793 1610678776907 324
3794 1610678777001 324
3795 1610678777095 325
3796 1610678777187 325
3797 1610678777281 325
3798 1610678777375 326
