4099 1618476368516 -17
4100 1618476369339 -22
4101 1618476370162 -19
4102 1618476370985 -20
4103 1618476371808 -24
4104 1618476372631 -18
4105 1618476373454 -18
4106 1618476374277 -20
4107 1618476375100 -20
4108 1618476375926 -19
4109 1618476375927 -19
4110 1618476375928 -16
4111 1618476375929 -20
4112 1618476375930 -19
4113 1618476375931 -18
4114 1618476375932 -17
4115 1618476375933 -19
4116 1618476375934 -20
4117 1618476375935 -17
4118 1618476375936 -18
4119 1618476375937 -17
4120 1618476375938 -18
4121 1618476375938 -19
4122 1618476375939 -17
4123 1618476375940 -15
4124 1618476375941 -16
4125 1618476375942 -20
4126 1618476375943 -18
4127 1618476375944 -17
4128 1618476375945 -18
4129 1618476375946 -19
4130 1618476375947 -19
4131 1618476375948 -18
4132 1618476375949 -22
4133 1618476375950 -17
4134 1618476375948 -18
4135 1618476375948 -20
4136 1618476375948 -17
4137 1618476375948 -20
4138 1618476375948 -19
4139 1618476375948 -18
4140 1618476375948 -22
4141 1618476375948 -20
4142 1618476375948 -20
4143 1618476375948 -19
4144 1618476375948 -20
4145 1618476375948 -22
4146 1618476375948 -20
4147 1618476375953 -22
4148 1618476375954 -20
4149 1618476375955 -22
4150 1618476375956 -22
4151 1618476375957 -27
4152 1618476375958 -29
4153 1618476375959 -26
4154 1618476375960 -27
4155 1618476375961 -27
4156 1618476375962 -32
4157 1618476375963 -31
4158 1618476375964 -34
4159 1618476375965 -35
4160 1618476375960 -42
4161 1618476375961 -39
4162 1618476375962 -39
4163 1618476375963 -40
4164 1618476375964 -36
4165 1618476375965 -34
4166 1618476375966 -28
4167 1618476375967 -18
4168 1618476375968 5
4169 1618476375969 37
4170 1618476375970 58
4171 1618476375971 56
4172 1618476375972 54
4173 1618476375973 64
4174 1618476375974 79
4175 1618476375975 82
4176 1618476375976 33
4177 1618476375977 -39
4178 1618476375978 -80
4179 1618476375979 -126
4180 1618476375980 -172
4181 1618476375981 -140
4182 1618476375982 -111
4183 1618476375983 -81
4184 1618476375984 -85
4185 1618476375985 -36
4186 1618476375980 -4
4187 1618476375981 34
4188 1618476375982 63
4189 1618476375983 115
4190 1618476375984 130
4191 1618476375985 11
4192 1618476375986 -202
4193 1618476375987 -182
4194 1618476375988 -235
4195 1618476375989 -24
4196 1618476375990 75
4197 1618476375991 -39
4198 1618476375992 -79
4199 1618476375987 -74
4200 1618476376003 -63
4201 1618476376019 -59
4202 1618476376035 -50
4203 1618476376051 -44
4204 1618476376067 -38
4205 1618476376083 -33
4206 1618476376099 -27
4207 1618476376115 -27
4208 1618476376131 -25
4209 1618476376147 -28
4210 1618476376163 -22
4211 1618476376179 -20
4212 1618476376193 -16
4213 1618476376287 -19
4214 1618476376381 -16
4215 1618476376475 -17
4216 1618476376569 -15
4217 1618476376663 -15
4218 1618476376757 -11
4219 1618476376851 -13
4220 1618476376945 -12
4221 1618476377039 -13
4222 1618476377133 -12
4223 1618476377227 -12
4224 1618476377321 -12
4225 1618476377413 -15
4226 1618476377507 -12
4227 1618476377601 -11
4228 1618476377695 -11
4229 1618476377789 -10
4230 1618476377883 -10
4231 1618476377977 -10
4232 1618476378071 -9
4233 1618476378165 -10
4234 1618476378259 -8
4235 1618476378353 -6
4236 1618476378447 -8
4237 1618476378541 -10
4238 1618476378629 -8
4239 1618476378723 -10
4240 1618476378817 -7
4241 1618476378911 -12
4242 1618476379005 -9
4243 1618476379099 -8
4244 1618476379193 -8
4245 1618476379287 -9
4246 1618476379381 -9
4247 1618476379475 -6
4248 1618476379569 -5
4249 1618476379663 -10
4250 1618476379757 -7
4251 1618476379847 -7
4252 1618476379941 -5
4253 1618476380035 -6
4254 1618476380129 -3
4255 1618476380223 -7
4256 1618476380317 -7
4257 1618476380411 -7
4258 1618476380505 -7
4259 1618476380599 -7
4260 1618476380693 -5
4261 1618476380787 -7
4262 1618476380881 -5
4263 1618476380975 -6
4264 1618476381067 -4
4265 1618476381161 -5
4266 1618476381255 -5
4267 1618476381349 -1
4268 1618476381443 -5
4269 1618476381537 -5
4270 1618476381631 -3
4271 1618476381725 -1
4272 1618476381819 -3
4273 1618476381913 -2
4274 1618476382007 -2
4275 1618476382101 0
4276 1618476382195 0
4277 1618476382289 2
4278 1618476382383 2
4279 1618476382477 4
4280 1618476382571 3
4281 1618476382665 5
4282 1618476382759 7
4283 1618476382853 8
4284 1618476382947 10
4285 1618476383041 11
4286 1618476383135 17
4287 1618476383229 18
4288 1618476383323 24
4289 1618476383417 26
4290 1618476383506 34
4291 1618476383601 42
4292 1618476383696 50
4293 1618476383791 55
4294 1618476383886 62
4295 1618476383981 67
4296 1618476384076 66
4297 1618476384171 60
4298 1618476384266 57
4299 1618476384361 64
4300 1618476384456 87
4301 1618476384551 63
4302 1618476384646 13
4303 1618476384736 20
4304 1618476384829 -29
4305 1618476384922 -132
4306 1618476385015 -160
4307 1618476385108 -140
4308 1618476385201 -117
4309 1618476385294 -101
4310 1618476385387 -72
4311 1618476385480 -50
4312 1618476385573 -42
4313 1618476385666 -35
4314 1618476385759 0
4315 1618476385852 32
4316 1618476385950 55
4317 1618476386044 67
4318 1618476386138 69
4319 1618476386232 17
4320 1618476386326 -62
4321 1618476386420 -105
4322 1618476386514 -60
4323 1618476386608 -3
4324 1618476386702 5
4325 1618476386796 -45
4326 1618476386890 -40
4327 1618476386984 -35
4328 1618476387078 -48
4329 1618476387171 -42
4330 1618476387265 -31
4331 1618476387359 -30
4332 1618476387453 -26
4333 1618476387547 -24
4334 1618476387641 -20
4335 1618476387735 -18
4336 1618476387829 -20
4337 1618476387923 -17
4338 1618476388017 -16
4339 1618476388111 -14
4340 1618476388205 -14
4341 1618476388299 -14
4342 1618476388391 -15
4343 1618476388485 -12
4344 1618476388579 -15
4345 1618476388673 -13
4346 1618476388767 -13
4347 1618476388861 -11
4348 1618476388955 -11
4349 1618476389049 -12
4350 1618476389143 -11
4351 1618476389237 -12
4352 1618476389331 -9
4353 1618476389425 -10
4354 1618476389519 -13
4355 1618476389614 -9
4356 1618476389708 -9
4357 1618476389802 -11
4358 1618476389896 -10
4359 1618476389990 -10
4360 1618476390084 -10
4361 1618476390178 -9
4362 1618476390272 -9
4363 1618476390366 -8
4364 1618476390460 -11
4365 1618476390554 -12
4366 1618476390648 -10
4367 1618476390742 -10
4368 1618476390834 -9
4369 1618476390928 -10
4370 1618476391022 -8
4371 1618476391116 -10
4372 1618476391210 -10
4373 1618476391304 -8
4374 1618476391398 -10
4375 1618476391492 -8
4376 1618476391586 -12
4377 1618476391680 -10
4378 1618476391774 -10
4379 1618476391868 -10
4380 1618476391962 -10
4381 1618476392053 -10
4382 1618476392146 -9
4383 1618476392239 -10
4384 1618476392332 -8
4385 1618476392425 -8
4386 1618476392518 -8
4387 1618476392611 -10
