2744 1610678678161 430
2745 1610678678255 429
2746 1610678678349 429
2747 1610678678443 430
2748 1610678678537 429
2749 1610678678631 432
2750 1610678678725 431
2751 1610678678819 430
2752 1610678678913 432
2753 1610678679007 431
2754 1610678679101 430
2755 1610678679195 431
2756 1610678679293 433
2757 1610678679389 432
2758 1610678679485 432
2759 1610678679581 431
2760 1610678679677 430
2761 1610678679773 430
2762 1610678679869 433
2763 1610678679965 431
2764 1610678680061 434
2765 1610678680157 432
2766 1610678680253 431
2767 1610678680349 430
2768 1610678680445 437
2769 1610678680545 427
2770 1610678680637 417
2771 1610678680729 346
2772 1610678680821 166
2773 1610678680913 410
2774 1610678681005 515
2775 1610678681097 455
2776 1610678681189 418
2777 1610678681281 372
2778 1610678681373 440
2779 1610678681465 373
2780 1610678681557 430
2781 1610678681649 433
2782 1610678681745 434
2783 1610678681839 432
2784 1610678681933 432
2785 1610678682027 431
2786 1610678682121 433
2787 1610678682215 430
2788 1610678682309 430
2789 1610678682403 432
2790 1610678682497 432
2791 1610678682591 430
2792 1610678682685 430
2793 1610678682779 433
2794 1610678682873 429
2795 1610678682964 433
2796 1610678683058 431
2797 1610678683152 432
2798 1610678683246 427
2799 1610678683340 434
2800 1610678683434 429
2801 1610678683528 432
2802 1610678683622 428
2803 1610678683716 429
2804 1610678683810 428
2805 1610678683904 429
2806 1610678683998 431
2807 1610678684092 428
2808 1610678684184 429
2809 1610678684278 428
2810 1610678684372 430
2811 1610678684466 430
2812 1610678684560 429
2813 1610678684654 427
2814 1610678684748 428
2815 1610678684842 428
2816 1610678684936 427
2817 1610678685030 425
2818 1610678685124 425
2819 1610678685218 432
2820 1610678685312 472
2821 1610678685402 473
2822 1610678685497 429
2823 1610678685592 378
2824 1610678685687 584
2825 1610678685782 449
2826 1610678685877 175
2827 1610678685972 259
2828 1610678686067 397
2829 1610678686162 357
2830 1610678686257 253
2831 1610678686352 306
2832 1610678686447 364
2833 1610678686542 393
2834 1610678686637 408
2835 1610678686731 417
2836 1610678686825 422
2837 1610678686919 424
2838 1610678687013 427
2839 1610678687107 426
2840 1610678687201 427
2841 1610678687295 429
2842 1610678687389 429
2843 1610678687483 431
2844 1610678687577 431
2845 1610678687671 430
2846 1610678687765 430
2847 1610678687857 432
2848 1610678687952 431
2849 1610678688047 430
2850 1610678688142 427
2851 1610678688237 432
2852 1610678688332 430
2853 1610678688427 439
2854 1610678688522 431
2855 1610678688617 431
2856 1610678688712 432
2857 1610678688807 431
2858 1610678688902 431
2859 1610678688997 428
2860 1610678689093 435
2861 1610678689187 432
2862 1610678689281 432
