10254 1610679385825 323
10255 1610679385919 321
10256 1610679386013 323
10257 1610679386101 324
10258 1610679386195 324
10259 1610679386289 320
10260 1610679386383 325
10261 1610679386477 325
10262 1610679386571 322
10263 1610679386665 324
10264 1610679386759 324
10265 1610679386853 321
10266 1610679386947 322
10267 1610679387041 321
10268 1610679387135 322
10269 1610679387229 321
10270 1610679387318 321
10271 1610679387412 321
10272 1610679387506 322
10273 1610679387600 324
10274 1610679387694 321
10275 1610679387788 322
10276 1610679387882 321
10277 1610679387976 322
10278 1610679388070 322
10279 1610679388164 320
10280 1610679388258 322
10281 1610679388352 322
10282 1610679388446 323
10283 1610679388540 322
10284 1610679388634 325
10285 1610679388728 320
10286 1610679388822 320
10287 1610679388916 323
10288 1610679389010 323
10289 1610679389104 323
10290 1610679389198 320
10291 1610679389292 321
10292 1610679389386 322
10293 1610679389480 321
10294 1610679389574 321
10295 1610679389668 320
10296 1610679389758 320
10297 1610679389852 318
10298 1610679389946 319
10299 1610679390040 317
10300 1610679390134 317
10301 1610679390228 314
10302 1610679390322 310
10303 1610679390416 306
10304 1610679390510 300
10305 1610679390604 294
10306 1610679390698 292
10307 1610679390792 283
10308 1610679390886 268
10309 1610679390975 260
10310 1610679391069 332
10311 1610679391163 481
10312 1610679391257 470
10313 1610679391351 575
10314 1610679391445 710
10315 1610679391539 807
10316 1610679391633 716
10317 1610679391727 652
10318 1610679391821 673
10319 1610679391915 670
10320 1610679392009 552
10321 1610679392103 420
10322 1610679392201 240
10323 1610679392296 363
10324 1610679392391 430
10325 1610679392486 341
10326 1610679392581 247
10327 1610679392676 255
10328 1610679392771 275
10329 1610679392866 293
10330 1610679392961 301
10331 1610679393056 307
10332 1610679393151 310
10333 1610679393246 313
10334 1610679393341 314
10335 1610679393430 317
10336 1610679393525 322
10337 1610679393620 316
10338 1610679393715 319
10339 1610679393810 320
10340 1610679393905 321
10341 1610679394000 323
10342 1610679394095 319
10343 1610679394190 320
10344 1610679394285 325
10345 1610679394380 321
10346 1610679394475 325
10347 1610679394570 321
10348 1610679394671 321
10349 1610679394765 321
10350 1610679394859 320
10351 1610679394953 323
10352 1610679395047 324
10353 1610679395141 322
10354 1610679395235 323
10355 1610679395329 324
10356 1610679395423 321
10357 1610679395517 325
10358 1610679395611 325
10359 1610679395705 321
10360 1610679395799 322
10361 1610679395888 323
10362 1610679395982 323
10363 1610679396076 323
10364 1610679396170 324
10365 1610679396264 324
10366 1610679396358 322
10367 1610679396452 321
10368 1610679396546 323
10369 1610679396640 325
10370 1610679396734 321
10371 1610679396828 322
10372 1610679396922 323
10373 1610679397016 325
10374 1610679397108 320
10375 1610679397202 324
10376 1610679397296 321
10377 1610679397390 320
10378 1610679397484 320
10379 1610679397578 323
10380 1610679397672 325
10381 1610679397766 324
10382 1610679397860 321
10383 1610679397954 324
10384 1610679398048 325
10385 1610679398142 322
10386 1610679398236 323
10387 1610679398335 325
10388 1610679398430 325
10389 1610679398525 328
10390 1610679398620 320
10391 1610679398715 323
10392 1610679398810 322
10393 1610679398905 323
10394 1610679399000 321
10395 1610679399095 324
10396 1610679399190 325
10397 1610679399285 324
10398 1610679399380 324
10399 1610679399475 320
10400 1610679399568 321
10401 1610679399662 322
10402 1610679399756 324
10403 1610679399850 323
10404 1610679399944 325
10405 1610679400038 323
10406 1610679400132 325
10407 1610679400226 324
10408 1610679400320 321
10409 1610679400414 329
10410 1610679400508 320
10411 1610679400602 325
10412 1610679400696 325
10413 1610679400788 325
10414 1610679400882 325
10415 1610679400976 324
10416 1610679401070 324
10417 1610679401164 323
10418 1610679401258 325
10419 1610679401352 322
10420 1610679401446 320
10421 1610679401540 323
10422 1610679401634 322
10423 1610679401728 325
10424 1610679401822 320
10425 1610679401916 328
10426 1610679402007 324
10427 1610679402102 320
10428 1610679402197 323
10429 1610679402292 325
10430 1610679402387 324
10431 1610679402482 325
10432 1610679402577 325
10433 1610679402672 324
10434 1610679402767 320
10435 1610679402862 323
10436 1610679402957 325
10437 1610679403052 322
10438 1610679403147 321
10439 1610679403243 322
10440 1610679403338 323
10441 1610679403433 330
10442 1610679403528 322
10443 1610679403623 323
10444 1610679403718 325
10445 1610679403813 322
10446 1610679403908 324
10447 1610679404003 323
10448 1610679404098 323
10449 1610679404193 323
10450 1610679404288 325
10451 1610679404383 323
10452 1610679404475 321
10453 1610679404569 323
10454 1610679404663 323
10455 1610679404757 323
10456 1610679404851 322
10457 1610679404945 323
10458 1610679405039 320
10459 1610679405133 324
10460 1610679405227 323
10461 1610679405321 325
10462 1610679405415 325
10463 1610679405509 325
10464 1610679405603 324
10465 1610679405696 325
10466 1610679405790 322
10467 1610679405884 323
10468 1610679405978 321
10469 1610679406072 323
10470 1610679406166 325
10471 1610679406260 325
10472 1610679406354 324
10473 1610679406448 323
10474 1610679406542 322
10475 1610679406636 322
10476 1610679406730 321
10477 1610679406824 323
10478 1610679406916 329
10479 1610679407010 323
10480 1610679407104 323
10481 1610679407198 324
10482 1610679407292 322
10483 1610679407386 323
10484 1610679407480 325
10485 1610679407574 325
10486 1610679407668 325
10487 1610679407762 323
10488 1610679407856 325
10489 1610679407950 324
10490 1610679408044 325
10491 1610679408132 325
10492 1610679408226 324
10493 1610679408320 321
10494 1610679408414 328
10495 1610679408508 323
10496 1610679408602 327
10497 1610679408696 325
10498 1610679408790 325
10499 1610679408884 323
10500 1610679408978 324
10501 1610679409072 323
10502 1610679409166 322
10503 1610679409260 320
10504 1610679409351 323
10505 1610679409445 325
10506 1610679409539 325
10507 1610679409633 322
10508 1610679409727 323
10509 1610679409821 320
10510 1610679409915 325
10511 1610679410009 324
10512 1610679410103 321
10513 1610679410197 324
10514 1610679410291 320
10515 1610679410385 322
10516 1610679410479 321
10517 1610679410569 325
10518 1610679410663 323
10519 1610679410757 324
10520 1610679410851 323
10521 1610679410945 324
10522 1610679411039 322
10523 1610679411133 319
10524 1610679411227 320
10525 1610679411321 321
10526 1610679411415 330
10527 1610679411509 322
10528 1610679411603 321
10529 1610679411697 320
10530 1610679411787 320
10531 1610679411881 319
10532 1610679411975 306
10533 1610679412069 284
10534 1610679412163 251
10535 1610679412257 381
10536 1610679412351 514
10537 1610679412445 614
10538 1610679412539 765
10539 1610679412633 474
10540 1610679412727 264
10541 1610679412821 290
10542 1610679412915 312
10543 1610679413007 315
10544 1610679413101 316
10545 1610679413195 319
10546 1610679413289 321
10547 1610679413383 319
10548 1610679413477 320
10549 1610679413571 322
10550 1610679413665 323
10551 1610679413759 320
10552 1610679413853 321
10553 1610679413947 322
10554 1610679414041 322
10555 1610679414135 323
10556 1610679414225 320
10557 1610679414319 323
10558 1610679414413 325
10559 1610679414507 320
10560 1610679414601 321
10561 1610679414695 320
10562 1610679414789 323
10563 1610679414883 322
10564 1610679414977 320
10565 1610679415071 323
10566 1610679415165 322
10567 1610679415259 322
10568 1610679415353 320
10569 1610679415444 321
10570 1610679415538 323
10571 1610679415632 320
10572 1610679415726 325
10573 1610679415820 322
10574 1610679415914 327
10575 1610679416008 322
10576 1610679416102 320
10577 1610679416196 320
10578 1610679416290 322
10579 1610679416384 321
10580 1610679416478 322
10581 1610679416572 323
10582 1610679416665 321
10583 1610679416759 320
10584 1610679416853 322
10585 1610679416947 323
10586 1610679417041 317
10587 1610679417135 322
10588 1610679417229 320
10589 1610679417323 319
10590 1610679417417 321
10591 1610679417511 322
10592 1610679417605 322
10593 1610679417699 323
10594 1610679417793 323
10595 1610679417883 324
10596 1610679417977 322
10597 1610679418071 321
