4445 1610678855175 163
4446 1610678855171 163
4447 1610678855171 165
4448 1610678855171 167
4449 1610678855171 164
4450 1610678855171 163
4451 1610678855171 165
4452 1610678855171 165
4453 1610678855171 163
4454 1610678855171 167
4455 1610678855171 162
4456 1610678855171 165
4457 1610678855171 164
4458 1610678855171 163
4459 1610678855176 163
4460 1610678855176 163
4461 1610678855176 165
4462 1610678855176 165
4463 1610678855176 167
4464 1610678855176 164
4465 1610678855176 164
4466 1610678855176 164
4467 1610678855176 162
4468 1610678855176 165
4469 1610678855176 160
4470 1610678855176 165
4471 1610678855176 164
4472 1610678855181 165
4473 1610678855181 167
4474 1610678855181 163
4475 1610678855181 164
4476 1610678855181 167
4477 1610678855181 165
4478 1610678855181 165
4479 1610678855181 161
4480 1610678855181 169
4481 1610678855181 162
4482 1610678855181 167
4483 1610678855181 161
4484 1610678855181 164
4485 1610678855186 158
4486 1610678855186 164
4487 1610678855186 163
4488 1610678855186 163
4489 1610678855186 162
4490 1610678855186 160
4491 1610678855186 164
4492 1610678855186 160
4493 1610678855186 153
4494 1610678855186 128
4495 1610678855186 -9
4496 1610678855186 214
4497 1610678855186 195
4498 1610678855189 226
4499 1610678855189 90
4500 1610678855189 159
4501 1610678855189 279
4502 1610678855189 262
4503 1610678855189 194
4504 1610678855189 177
4505 1610678855189 169
4506 1610678855189 165
4507 1610678855189 167
4508 1610678855189 165
4509 1610678855189 164
4510 1610678855189 160
4511 1610678855193 164
4512 1610678855193 167
4513 1610678855193 165
4514 1610678855193 163
4515 1610678855193 165
4516 1610678855193 163
4517 1610678855193 163
4518 1610678855193 165
4519 1610678855193 164
4520 1610678855193 165
4521 1610678855193 164
4522 1610678855193 164
4523 1610678855193 163
4524 1610678855198 164
4525 1610678855198 164
4526 1610678855198 158
4527 1610678855198 163
4528 1610678855198 164
4529 1610678855198 163
4530 1610678855198 165
4531 1610678855198 162
4532 1610678855198 167
4533 1610678855198 163
4534 1610678855198 164
4535 1610678855198 165
4536 1610678855198 164
4537 1610678855200 165
4538 1610678855200 165
4539 1610678855200 165
4540 1610678855200 165
4541 1610678855200 162
4542 1610678855200 162
4543 1610678855200 164
4544 1610678855200 164
4545 1610678855200 165
4546 1610678855200 164
4547 1610678855200 163
4548 1610678855200 164
4549 1610678855200 165
4550 1610678855203 165
4551 1610678855203 164
4552 1610678855203 164
4553 1610678855203 167
4554 1610678855203 164
4555 1610678855203 162
4556 1610678855203 163
4557 1610678855203 165
4558 1610678855203 162
4559 1610678855203 163
4560 1610678855203 165
4561 1610678855203 163
4562 1610678855203 165
4563 1610678855207 164
4564 1610678855208 165
4565 1610678855209 162
4566 1610678855210 167
4567 1610678855211 165
4568 1610678855212 164
4569 1610678855213 167
4570 1610678855214 165
4571 1610678855215 165
4572 1610678855216 165
4573 1610678855217 165
4574 1610678855218 165
4575 1610678855219 169
4576 1610678855216 -87
4577 1610678855216 -75
4578 1610678855216 296
4579 1610678855216 -229
4580 1610678855216 -57
4581 1610678855216 264
4582 1610678855216 250
4583 1610678855216 210
4584 1610678855216 194
4585 1610678855216 183
4586 1610678855216 171
4587 1610678855216 172
4588 1610678855216 168
4589 1610678855222 170
4590 1610678855222 167
4591 1610678855222 165
4592 1610678855222 160
4593 1610678855222 164
4594 1610678855222 165
4595 1610678855222 167
4596 1610678855222 165
4597 1610678855222 165
4598 1610678855222 165
4599 1610678855222 165
4600 1610678855222 165
4601 1610678855222 165
4602 1610678855225 163
4603 1610678855225 164
4604 1610678855225 167
4605 1610678855225 165
4606 1610678855225 165
4607 1610678855225 165
4608 1610678855225 159
4609 1610678855225 165
4610 1610678855225 164
4611 1610678855225 164
4612 1610678855225 163
4613 1610678855225 165
4614 1610678855225 164
4615 1610678855228 162
4616 1610678855320 165
4617 1610678855412 165
4618 1610678855504 165
4619 1610678855596 164
4620 1610678855688 164
4621 1610678855780 163
4622 1610678855872 162
4623 1610678855964 165
4624 1610678856056 163
4625 1610678856148 162
4626 1610678856240 165
