3052 1616112947596 -117
3053 1616112947690 -115
3054 1616112947784 -116
3055 1616112947874 -117
3056 1616112947968 -117
3057 1616112948062 -115
3058 1616112948156 -117
3059 1616112948250 -116
3060 1616112948344 -117
3061 1616112948438 -117
3062 1616112948532 -117
3063 1616112948626 -118
3064 1616112948720 -117
3065 1616112948814 -117
3066 1616112948908 -117
3067 1616112949002 -116
3068 1616112949091 -115
3069 1616112949185 -116
3070 1616112949279 -117
3071 1616112949373 -117
3072 1616112949467 -116
3073 1616112949561 -117
3074 1616112949655 -117
3075 1616112949749 -117
3076 1616112949843 -117
3077 1616112949937 -118
3078 1616112950031 -117
3079 1616112950125 -117
3080 1616112950219 -120
3081 1616112950307 -122
3082 1616112950401 -120
3083 1616112950495 -122
3084 1616112950589 -124
3085 1616112950683 -125
3086 1616112950777 -126
3087 1616112950871 -127
3088 1616112950965 -134
3089 1616112951059 -132
3090 1616112951153 -138
3091 1616112951247 -138
3092 1616112951341 -146
3093 1616112951435 -151
3094 1616112951528 -167
3095 1616112951622 -164
3096 1616112951716 -182
3097 1616112951810 -197
3098 1616112951904 -221
3099 1616112951998 -248
3100 1616112952092 -262
3101 1616112952186 -155
3102 1616112952280 -27
3103 1616112952374 41
3104 1616112952468 133
3105 1616112952562 95
3106 1616112952656 25
3107 1616112952745 -130
3108 1616112952839 -123
3109 1616112952933 -122
3110 1616112953027 -126
3111 1616112953121 -145
3112 1616112953215 -197
3113 1616112953309 -76
3114 1616112953403 42
3115 1616112953497 68
3116 1616112953591 70
3117 1616112953685 -28
3118 1616112953779 -257
3119 1616112953873 -265
3120 1616112953965 -202
3121 1616112954180 -159
3122 1616112954395 -135
3123 1616112954610 -116
3124 1616112954825 -109
3125 1616112955040 -101
3126 1616112955255 -97
3127 1616112955470 -96
3128 1616112955685 -93
3129 1616112955900 -91
3130 1616112956115 -92
3131 1616112956330 -90
3132 1616112956545 -91
3133 1616112956765 0
3134 1616112956859 -89
3135 1616112956953 -88
3136 1616112957047 -90
3137 1616112957141 -88
3138 1616112957235 -87
3139 1616112957329 -85
3140 1616112957423 -84
3141 1616112957517 -87
3142 1616112957611 -83
3143 1616112957705 -85
3144 1616112957799 -86
3145 1616112957893 -87
3146 1616112957986 -87
3147 1616112958080 -85
3148 1616112958174 -84
3149 1616112958268 -85
3150 1616112958362 -90
3151 1616112958456 -85
3152 1616112958550 -84
3153 1616112958644 -83
3154 1616112958738 -85
3155 1616112958832 -86
3156 1616112958926 -85
3157 1616112959020 -85
3158 1616112959114 -84
3159 1616112959210 -85
3160 1616112959304 -85
3161 1616112959398 -86
3162 1616112959492 -84
3163 1616112959586 -88
3164 1616112959680 -88
3165 1616112959774 -87
3166 1616112959868 -84
3167 1616112959962 -87
3168 1616112960056 -86
3169 1616112960150 -87
3170 1616112960244 -84
3171 1616112960338 -88
3172 1616112960430 -85
3173 1616112960524 -84
3174 1616112960618 -84
3175 1616112960712 -87
3176 1616112960806 -87
3177 1616112960900 -92
3178 1616112960994 -84
3179 1616112961088 -89
3180 1616112961182 -88
3181 1616112961276 -90
3182 1616112961370 -90
3183 1616112961464 -94
3184 1616112961558 -89
3185 1616112961649 -93
3186 1616112961743 -95
3187 1616112961837 -98
3188 1616112961931 -101
3189 1616112962025 -105
3190 1616112962119 -117
3191 1616112962213 -129
3192 1616112962307 -145
3193 1616112962401 -165
3194 1616112962495 -123
3195 1616112962589 -149
3196 1616112962683 -88
3197 1616112962777 -14
3198 1616112962866 41
3199 1616112962960 -104
3200 1616112963054 -190
3201 1616112963148 -258
3202 1616112963242 -275
3203 1616112963336 -368
3204 1616112963430 -376
3205 1616112963524 -204
3206 1616112963618 -206
3207 1616112963712 -196
3208 1616112963806 -230
3209 1616112963900 -243
3210 1616112963994 -161
3211 1616112964087 -123
3212 1616112964181 -105
3213 1616112964275 -95
3214 1616112964369 -95
3215 1616112964463 -90
3216 1616112964557 -86
3217 1616112964651 -89
3218 1616112964745 -86
3219 1616112964839 -87
3220 1616112964933 -85
3221 1616112965027 -90
3222 1616112965121 -87
3223 1616112965215 -85
3224 1616112965306 -83
3225 1616112965400 -85
3226 1616112965494 -83
3227 1616112965588 -85
3228 1616112965682 -84
3229 1616112965776 -84
3230 1616112965870 -83
3231 1616112965964 -89
3232 1616112966058 -87
3233 1616112966152 -84
3234 1616112966246 -85
3235 1616112966340 -82
3236 1616112966434 -86
3237 1616112966524 -84
3238 1616112966618 -83
3239 1616112966712 -88
3240 1616112966806 -84
3241 1616112966900 -82
3242 1616112966994 -83
3243 1616112967088 -84
3244 1616112967182 -87
3245 1616112967276 -88
3246 1616112967370 -84
3247 1616112967464 -84
3248 1616112967558 -85
3249 1616112967652 -84
3250 1616112967742 -86
3251 1616112967836 -85
3252 1616112967930 -83
