3305 1610678730912 430
3306 1610678731006 429
3307 1610678731100 432
3308 1610678731194 430
3309 1610678731288 429
3310 1610678731382 429
3311 1610678731476 427
3312 1610678731570 430
3313 1610678731664 432
3314 1610678731758 429
3315 1610678731851 430
3316 1610678731946 432
3317 1610678732041 429
3318 1610678732136 431
3319 1610678732231 431
3320 1610678732326 427
3321 1610678732421 435
3322 1610678732516 429
3323 1610678732611 432
3324 1610678732706 429
3325 1610678732801 431
3326 1610678732896 429
3327 1610678732991 427
3328 1610678733083 427
3329 1610678733177 429
3330 1610678733271 427
3331 1610678733365 427
3332 1610678733459 425
3333 1610678733553 422
3334 1610678733647 425
3335 1610678733741 449
3336 1610678733835 460
3337 1610678733929 485
3338 1610678734023 395
3339 1610678734117 279
3340 1610678734211 509
3341 1610678734302 537
3342 1610678734397 176
3343 1610678734492 387
3344 1610678734587 398
3345 1610678734682 308
3346 1610678734777 264
3347 1610678734872 330
3348 1610678734967 371
3349 1610678735062 397
3350 1610678735157 410
3351 1610678735252 415
3352 1610678735347 425
3353 1610678735442 423
3354 1610678735539 425
3355 1610678735632 426
3356 1610678735725 426
3357 1610678735818 426
3358 1610678735911 429
3359 1610678736004 430
3360 1610678736097 427
3361 1610678736190 430
3362 1610678736283 428
3363 1610678736376 429
3364 1610678736469 432
3365 1610678736562 430
3366 1610678736655 429
3367 1610678736743 429
3368 1610678736837 429
3369 1610678736931 430
3370 1610678737025 429
3371 1610678737119 430
3372 1610678737213 435
3373 1610678737307 429
3374 1610678737401 427
3375 1610678737495 430
3376 1610678737589 429
3377 1610678737683 428
3378 1610678737777 431
3379 1610678737871 431
3380 1610678737961 429
3381 1610678738056 429
3382 1610678738151 429
3383 1610678738246 428
3384 1610678738341 429
3385 1610678738436 431
3386 1610678738531 429
3387 1610678738626 428
3388 1610678738721 433
3389 1610678738816 433
3390 1610678738911 430
3391 1610678739006 432
3392 1610678739101 429
3393 1610678739195 429
3394 1610678739289 428
3395 1610678739383 428
3396 1610678739477 430
3397 1610678739571 432
3398 1610678739665 429
3399 1610678739759 429
3400 1610678739853 425
3401 1610678739947 429
3402 1610678740041 433
3403 1610678740135 433
3404 1610678740229 431
3405 1610678740323 430
3406 1610678740413 435
3407 1610678740508 432
3408 1610678740603 430
3409 1610678740698 428
3410 1610678740793 429
3411 1610678740888 429
3412 1610678740983 430
3413 1610678741078 428
3414 1610678741173 428
3415 1610678741268 431
3416 1610678741363 431
3417 1610678741458 429
3418 1610678741553 430
3419 1610678741646 430
3420 1610678741740 430
3421 1610678741834 432
3422 1610678741928 429
3423 1610678742022 428
3424 1610678742116 430
3425 1610678742210 437
3426 1610678742304 430
3427 1610678742398 432
3428 1610678742492 428
3429 1610678742586 430
3430 1610678742680 431
3431 1610678742774 431
3432 1610678742864 432
3433 1610678742958 428
3434 1610678743052 429
3435 1610678743146 428
3436 1610678743240 431
3437 1610678743334 430
3438 1610678743428 430
3439 1610678743522 432
3440 1610678743616 432
3441 1610678743710 434
3442 1610678743804 432
3443 1610678743898 430
3444 1610678743992 428
3445 1610678744087 429
3446 1610678744181 428
3447 1610678744275 431
3448 1610678744369 429
3449 1610678744463 431
3450 1610678744557 428
3451 1610678744651 428
3452 1610678744745 432
3453 1610678744839 430
3454 1610678744933 431
3455 1610678745027 432
3456 1610678745121 429
3457 1610678745215 435
3458 1610678745304 431
3459 1610678745398 431
3460 1610678745492 429
3461 1610678745586 432
3462 1610678745680 427
3463 1610678745774 429
3464 1610678745868 432
3465 1610678745962 431
3466 1610678746056 432
3467 1610678746150 433
3468 1610678746244 432
3469 1610678746338 431
3470 1610678746432 430
3471 1610678746522 430
3472 1610678746616 429
3473 1610678746710 435
3474 1610678746804 426
3475 1610678746898 407
3476 1610678746992 260
3477 1610678747086 328
3478 1610678747180 449
3479 1610678747274 505
3480 1610678747368 414
3481 1610678747462 404
3482 1610678747556 400
3483 1610678747650 410
3484 1610678747742 430
3485 1610678747836 431
3486 1610678747930 431
3487 1610678748024 432
3488 1610678748118 430
3489 1610678748212 430
3490 1610678748306 432
3491 1610678748400 429
3492 1610678748494 429
3493 1610678748588 429
3494 1610678748682 430
3495 1610678748776 427
3496 1610678748870 430
3497 1610678748958 432
3498 1610678749052 431
3499 1610678749146 428
3500 1610678749240 433
3501 1610678749334 429
3502 1610678749428 429
3503 1610678749522 428
3504 1610678749616 428
3505 1610678749710 430
3506 1610678749804 431
3507 1610678749898 430
3508 1610678749992 429
3509 1610678750086 429
3510 1610678750179 432
3511 1610678750273 430
3512 1610678750367 430
3513 1610678750461 431
3514 1610678750555 428
3515 1610678750649 429
3516 1610678750743 431
3517 1610678750837 432
3518 1610678750931 432
3519 1610678751025 429
