7427 1616113366151 215
7428 1616113366245 220
7429 1616113366339 215
7430 1616113366433 217
7431 1616113366527 213
7432 1616113366621 217
7433 1616113366715 215
7434 1616113366809 216
7435 1616113366903 214
7436 1616113366993 214
7437 1616113367087 216
7438 1616113367181 217
7439 1616113367275 217
7440 1616113367369 214
7441 1616113367463 216
7442 1616113367557 212
7443 1616113367651 212
7444 1616113367745 215
7445 1616113367839 216
7446 1616113367933 217
7447 1616113368027 212
7448 1616113368121 215
7449 1616113368219 214
7450 1616113368313 213
7451 1616113368407 216
7452 1616113368501 213
7453 1616113368595 214
7454 1616113368689 213
7455 1616113368783 217
7456 1616113368877 213
7457 1616113368971 217
7458 1616113369065 214
7459 1616113369159 212
7460 1616113369253 216
7461 1616113369347 216
7462 1616113369436 215
7463 1616113369530 215
7464 1616113369624 212
7465 1616113369718 216
7466 1616113369812 214
7467 1616113369906 214
7468 1616113370000 220
7469 1616113370094 215
7470 1616113370188 217
7471 1616113370282 216
7472 1616113370376 214
7473 1616113370470 216
7474 1616113370564 214
7475 1616113370657 212
7476 1616113370751 214
7477 1616113370845 217
7478 1616113370939 217
7479 1616113371033 217
7480 1616113371127 213
7481 1616113371221 212
7482 1616113371315 214
7483 1616113371409 213
7484 1616113371503 219
7485 1616113371597 212
7486 1616113371691 211
7487 1616113371785 211
7488 1616113371883 207
7489 1616113371977 207
7490 1616113372071 209
7491 1616113372165 204
7492 1616113372259 199
7493 1616113372353 188
7494 1616113372447 181
7495 1616113372541 158
7496 1616113372635 121
7497 1616113372729 94
7498 1616113372823 55
7499 1616113372917 -8
7500 1616113373011 188
7501 1616113373101 -57
7502 1616113373196 126
7503 1616113373291 572
7504 1616113373386 504
7505 1616113373481 275
7506 1616113373576 308
7507 1616113373671 415
7508 1616113373766 207
7509 1616113373861 190
7510 1616113373956 207
7511 1616113374051 217
7512 1616113374146 214
7513 1616113374241 219
7514 1616113374336 217
7515 1616113374430 217
7516 1616113374524 217
7517 1616113374618 217
7518 1616113374712 217
7519 1616113374806 217
7520 1616113374900 217
7521 1616113374994 217
7522 1616113375088 217
7523 1616113375182 217
7524 1616113375276 216
7525 1616113375370 219
7526 1616113375464 217
7527 1616113375555 217
7528 1616113375650 217
7529 1616113375745 216
7530 1616113375840 220
7531 1616113375935 214
7532 1616113376030 215
7533 1616113376125 212
7534 1616113376220 215
7535 1616113376315 216
7536 1616113376410 217
7537 1616113376505 216
7538 1616113376600 215
7539 1616113376695 217
7540 1616113376789 217
7541 1616113376883 216
7542 1616113376977 216
7543 1616113377071 215
7544 1616113377165 217
7545 1616113377259 217
7546 1616113377353 224
7547 1616113377447 215
7548 1616113377541 217
7549 1616113377635 216
7550 1616113377729 216
7551 1616113377823 215
7552 1616113377917 216
7553 1616113378010 215
7554 1616113378105 214
7555 1616113378200 217
7556 1616113378295 216
7557 1616113378390 219
7558 1616113378485 216
7559 1616113378580 217
7560 1616113378675 220
7561 1616113378770 215
7562 1616113378865 217
7563 1616113378960 222
7564 1616113379055 217
7565 1616113379150 215
7566 1616113379242 215
7567 1616113379336 217
7568 1616113379430 216
7569 1616113379524 215
7570 1616113379618 217
7571 1616113379712 217
7572 1616113379806 217
7573 1616113379900 219
7574 1616113379994 220
7575 1616113380088 217
7576 1616113380182 216
7577 1616113380276 217
7578 1616113380370 215
7579 1616113380462 217
7580 1616113380556 216
7581 1616113380650 217
7582 1616113380744 212
7583 1616113380838 215
7584 1616113380932 217
7585 1616113381026 214
7586 1616113381120 216
7587 1616113381214 217
7588 1616113381308 215
7589 1616113381402 221
7590 1616113381496 217
7591 1616113381590 217
7592 1616113381686 217
7593 1616113381780 214
7594 1616113381874 219
7595 1616113381968 217
7596 1616113382062 215
7597 1616113382156 216
7598 1616113382250 216
7599 1616113382344 216
7600 1616113382438 219
7601 1616113382532 217
7602 1616113382626 217
7603 1616113382720 217
7604 1616113382814 217
7605 1616113382908 217
7606 1616113383002 221
7607 1616113383096 216
7608 1616113383190 217
7609 1616113383284 215
7610 1616113383378 220
7611 1616113383472 213
7612 1616113383566 215
7613 1616113383660 220
7614 1616113383754 215
7615 1616113383848 216
7616 1616113383942 219
7617 1616113384036 217
7618 1616113384126 217
7619 1616113384220 217
7620 1616113384314 216
7621 1616113384408 217
7622 1616113384502 223
7623 1616113384596 214
7624 1616113384690 217
7625 1616113384784 217
7626 1616113384878 217
7627 1616113384972 215
7628 1616113385066 217
7629 1616113385160 219
7630 1616113385254 217
7631 1616113385344 220
7632 1616113385438 221
7633 1616113385532 216
7634 1616113385626 215
7635 1616113385720 217
7636 1616113385814 215
7637 1616113385908 216
7638 1616113386002 214
7639 1616113386096 214
7640 1616113386190 212
7641 1616113386284 219
7642 1616113386378 217
7643 1616113386472 217
7644 1616113386562 216
7645 1616113386656 216
7646 1616113386750 216
7647 1616113386844 217
7648 1616113386938 217
7649 1616113387032 215
7650 1616113387126 217
7651 1616113387220 216
7652 1616113387314 216
7653 1616113387408 216
7654 1616113387502 217
7655 1616113387596 217
7656 1616113387690 217
7657 1616113387781 216
7658 1616113387875 220
7659 1616113387969 217
7660 1616113388063 220
7661 1616113388157 219
7662 1616113388251 216
7663 1616113388345 214
7664 1616113388439 217
7665 1616113388533 217
7666 1616113388627 216
7667 1616113388721 217
7668 1616113388815 217
7669 1616113388909 216
7670 1616113388999 217
7671 1616113389093 215
7672 1616113389187 219
7673 1616113389281 219
7674 1616113389375 216
7675 1616113389469 215
7676 1616113389563 216
7677 1616113389657 216
7678 1616113389751 219
7679 1616113389845 216
7680 1616113389939 217
7681 1616113390033 216
7682 1616113390127 220
7683 1616113390219 215
7684 1616113390313 220
7685 1616113390407 217
7686 1616113390501 217
7687 1616113390595 216
7688 1616113390689 219
7689 1616113390783 216
7690 1616113390877 217
7691 1616113390971 216
7692 1616113391065 217
7693 1616113391159 217
7694 1616113391253 219
7695 1616113391347 215
7696 1616113391437 216
7697 1616113391531 217
7698 1616113391625 219
7699 1616113391719 217
7700 1616113391813 216
7701 1616113391907 219
7702 1616113392001 217
7703 1616113392095 216
7704 1616113392189 216
7705 1616113392283 217
7706 1616113392377 217
7707 1616113392471 217
7708 1616113392565 216
7709 1616113392657 216
7710 1616113392751 216
7711 1616113392845 217
7712 1616113392939 217
7713 1616113393033 216
7714 1616113393127 219
7715 1616113393221 214
7716 1616113393315 217
7717 1616113393409 215
7718 1616113393503 215
7719 1616113393597 215
7720 1616113393691 217
7721 1616113393785 216
7722 1616113393876 219
7723 1616113393970 217
7724 1616113394064 214
7725 1616113394158 214
7726 1616113394252 216
7727 1616113394346 216
7728 1616113394440 217
7729 1616113394534 217
7730 1616113394628 217
7731 1616113394722 217
7732 1616113394816 216
7733 1616113394910 219
7734 1616113395004 220
7735 1616113395094 217
7736 1616113395188 216
7737 1616113395282 217
7738 1616113395376 214
7739 1616113395470 217
7740 1616113395564 217
7741 1616113395658 215
7742 1616113395752 217
7743 1616113395846 216
7744 1616113395940 215
7745 1616113396034 216
7746 1616113396128 216
7747 1616113396222 219
7748 1616113396312 214
7749 1616113396406 217
7750 1616113396500 214
7751 1616113396594 217
7752 1616113396688 219
7753 1616113396782 217
7754 1616113396876 215
7755 1616113396970 219
7756 1616113397064 216
7757 1616113397158 220
7758 1616113397252 219
7759 1616113397346 217
7760 1616113397440 217
7761 1616113397531 217
7762 1616113397625 216
7763 1616113397719 217
7764 1616113397813 217
7765 1616113397907 216
7766 1616113398001 217
7767 1616113398095 217
7768 1616113398189 217
7769 1616113398283 216
7770 1616113398377 215
7771 1616113398471 217
7772 1616113398565 214
7773 1616113398659 217
7774 1616113398752 217
7775 1616113398846 216
7776 1616113398940 216
7777 1616113399034 214
7778 1616113399128 217
7779 1616113399222 217
7780 1616113399316 217
7781 1616113399410 215
7782 1616113399504 219
7783 1616113399598 213
7784 1616113399692 217
7785 1616113399786 217
7786 1616113399880 216
7787 1616113399968 216
7788 1616113400062 216
7789 1616113400156 215
7790 1616113400250 217
7791 1616113400344 217
7792 1616113400438 216
7793 1616113400532 215
7794 1616113400626 217
7795 1616113400720 215
7796 1616113400814 217
7797 1616113400908 215
7798 1616113401002 217
7799 1616113401096 217
7800 1616113401190 217
7801 1616113401284 217
7802 1616113401378 216
7803 1616113401472 219
7804 1616113401566 217
7805 1616113401660 215
7806 1616113401754 217
7807 1616113401848 217
7808 1616113401942 217
7809 1616113402036 217
7810 1616113402130 216
7811 1616113402224 212
7812 1616113402318 200
7813 1616113402408 169
7814 1616113402502 149
7815 1616113402596 262
7816 1616113402690 599
7817 1616113402784 458
7818 1616113402878 592
7819 1616113402972 390
7820 1616113403066 319
7821 1616113403160 282
7822 1616113403254 247
7823 1616113403348 221
7824 1616113403442 -51
7825 1616113403536 59
7826 1616113403626 151
7827 1616113403720 189
7828 1616113403814 206
7829 1616113403908 209
7830 1616113404002 212
7831 1616113404096 212
7832 1616113404190 214
7833 1616113404284 213
7834 1616113404378 214
7835 1616113404472 217
7836 1616113404566 215
7837 1616113404660 214
7838 1616113404754 217
7839 1616113404844 216
7840 1616113404938 216
7841 1616113405032 217
7842 1616113405126 217
7843 1616113405220 217
7844 1616113405314 217
7845 1616113405408 215
7846 1616113405502 217
7847 1616113405596 215
7848 1616113405690 217
7849 1616113405784 219
7850 1616113405878 217
7851 1616113405972 215
7852 1616113406064 216
7853 1616113406158 217
7854 1616113406252 217
7855 1616113406346 217
7856 1616113406440 212
7857 1616113406534 219
7858 1616113406628 217
7859 1616113406722 217
7860 1616113406816 217
7861 1616113406910 216
7862 1616113407004 219
7863 1616113407098 216
7864 1616113407192 220
7865 1616113407282 217
7866 1616113407376 216
7867 1616113407470 215
7868 1616113407564 216
7869 1616113407658 217
7870 1616113407752 217
7871 1616113407846 215
7872 1616113407940 219
7873 1616113408034 216
7874 1616113408128 220
7875 1616113408222 216
7876 1616113408316 214
7877 1616113408410 219
7878 1616113408501 216
7879 1616113408595 216
7880 1616113408689 219
7881 1616113408783 217
7882 1616113408877 217
7883 1616113408971 220
7884 1616113409065 217
7885 1616113409159 217
7886 1616113409253 217
7887 1616113409347 220
7888 1616113409441 217
7889 1616113409535 216
7890 1616113409629 217
7891 1616113409718 217
7892 1616113409813 217
7893 1616113409908 217
7894 1616113410003 216
7895 1616113410098 219
7896 1616113410193 214
7897 1616113410288 216
7898 1616113410383 216
7899 1616113410478 217
7900 1616113410573 217
7901 1616113410668 215
7902 1616113410763 217
7903 1616113410858 217
7904 1616113410955 217
7905 1616113411049 216
7906 1616113411143 217
