7191 1616113349637 -117
7192 1616113349732 -116
7193 1616113349827 -117
7194 1616113349922 -117
7195 1616113350017 -114
7196 1616113350112 -116
7197 1616113350207 -118
7198 1616113350302 -115
7199 1616113350397 -118
7200 1616113350492 -117
7201 1616113350587 -116
7202 1616113350683 -115
7203 1616113350777 -115
7204 1616113350871 -117
7205 1616113350965 -116
7206 1616113351059 -117
7207 1616113351153 -117
7208 1616113351247 -116
7209 1616113351341 -117
7210 1616113351435 -112
7211 1616113351529 -115
7212 1616113351623 -116
7213 1616113351717 -115
7214 1616113351811 -117
7215 1616113351902 -119
7216 1616113351997 -114
7217 1616113352092 -116
7218 1616113352187 -115
7219 1616113352282 -115
7220 1616113352377 -117
7221 1616113352472 -114
7222 1616113352567 -115
7223 1616113352662 -114
7224 1616113352757 -118
7225 1616113352852 -115
7226 1616113352947 -116
7227 1616113353042 -113
7228 1616113353136 -114
7229 1616113353230 -113
7230 1616113353324 -116
7231 1616113353418 -112
7232 1616113353512 -111
7233 1616113353606 -114
7234 1616113353700 -111
7235 1616113353794 -110
7236 1616113353888 -111
7237 1616113353982 -108
7238 1616113354076 -109
7239 1616113354170 -110
7240 1616113354264 -118
7241 1616113354357 -153
7242 1616113354451 -169
7243 1616113354545 -172
7244 1616113354639 -164
7245 1616113354733 -151
7246 1616113354827 -145
7247 1616113354921 -144
7248 1616113355015 -130
7249 1616113355109 -118
7250 1616113355203 -116
7251 1616113355297 -113
7252 1616113355391 -115
7253 1616113355485 -116
7254 1616113355574 -116
7255 1616113355668 -115
7256 1616113355762 -115
7257 1616113355856 -116
7258 1616113355950 -115
7259 1616113356044 -117
7260 1616113356138 -115
7261 1616113356232 -117
7262 1616113356326 -116
7263 1616113356420 -115
7264 1616113356514 -118
7265 1616113356608 -117
7266 1616113356702 -120
7267 1616113356792 -116
7268 1616113356886 -117
7269 1616113356980 -115
7270 1616113357074 -115
7271 1616113357168 -113
7272 1616113357262 -115
7273 1616113357356 -115
7274 1616113357450 -115
7275 1616113357544 -114
7276 1616113357638 -111
7277 1616113357732 -116
7278 1616113357826 -116
7279 1616113357920 -117
7280 1616113358011 -113
7281 1616113358105 -114
7282 1616113358199 -117
7283 1616113358293 -114
7284 1616113358387 -116
7285 1616113358481 -117
7286 1616113358575 -117
7287 1616113358669 -115
7288 1616113358763 -117
7289 1616113358857 -117
7290 1616113358951 -117
7291 1616113359045 -115
7292 1616113359139 -117
7293 1616113359230 -115
7294 1616113359324 -115
7295 1616113359418 -117
7296 1616113359512 -116
7297 1616113359606 -114
7298 1616113359700 -116
7299 1616113359794 -117
7300 1616113359888 -115
7301 1616113359982 -116
7302 1616113360076 -116
7303 1616113360170 -112
7304 1616113360264 -117
7305 1616113360358 -116
7306 1616113360448 -117
7307 1616113360544 -117
7308 1616113360640 -117
7309 1616113360736 -116
7310 1616113360832 -117
7311 1616113360928 -117
7312 1616113361024 -117
7313 1616113361120 -119
7314 1616113361216 -117
7315 1616113361312 -116
7316 1616113361408 -117
7317 1616113361504 -114
7318 1616113361600 -116
7319 1616113361696 -115
7320 1616113361791 -117
7321 1616113361886 -115
7322 1616113361981 -117
7323 1616113362076 -117
7324 1616113362171 -117
7325 1616113362266 -115
7326 1616113362361 -117
7327 1616113362456 -118
7328 1616113362551 -116
7329 1616113362646 -117
7330 1616113362741 -117
7331 1616113362836 -113
7332 1616113362931 -116
7333 1616113363025 -117
7334 1616113363119 -115
7335 1616113363213 -115
7336 1616113363307 -110
7337 1616113363401 -114
7338 1616113363495 -116
7339 1616113363589 -115
7340 1616113363683 -114
7341 1616113363777 -117
7342 1616113363871 -116
7343 1616113363965 -116
7344 1616113364059 -114
7345 1616113364151 -117
7346 1616113364245 -117
7347 1616113364339 -114
7348 1616113364433 -117
7349 1616113364527 -116
7350 1616113364621 -117
7351 1616113364715 -115
7352 1616113364809 -117
7353 1616113364903 -117
7354 1616113364997 -117
7355 1616113365091 -118
7356 1616113365185 -116
7357 1616113365279 -118
7358 1616113365373 -114
7359 1616113365467 -114
7360 1616113365561 -115
7361 1616113365655 -116
7362 1616113365749 -119
7363 1616113365843 -119
7364 1616113365937 -116
7365 1616113366031 -117
7366 1616113366125 -120
7367 1616113366219 -117
7368 1616113366313 -115
7369 1616113366407 -116
7370 1616113366501 -117
7371 1616113366591 -117
7372 1616113366685 -115
7373 1616113366779 -115
7374 1616113366873 -120
7375 1616113366967 -113
7376 1616113367061 -115
7377 1616113367155 -117
7378 1616113367249 -115
7379 1616113367343 -115
7380 1616113367437 -116
7381 1616113367531 -114
7382 1616113367625 -115
7383 1616113367719 -117
7384 1616113367807 -117
7385 1616113367901 -115
7386 1616113367995 -116
7387 1616113368089 -118
7388 1616113368183 -117
7389 1616113368277 -114
7390 1616113368371 -118
7391 1616113368465 -117
7392 1616113368559 -116
7393 1616113368653 -118
7394 1616113368747 -117
7395 1616113368841 -115
7396 1616113368935 -116
7397 1616113369034 -117
7398 1616113369128 -116
7399 1616113369222 -114
7400 1616113369316 -118
7401 1616113369410 -117
7402 1616113369504 -117
7403 1616113369598 -116
7404 1616113369692 -117
7405 1616113369786 -117
7406 1616113369880 -116
7407 1616113369974 -115
7408 1616113370068 -114
7409 1616113370162 -115
7410 1616113370254 -114
7411 1616113370348 -115
7412 1616113370442 -117
7413 1616113370536 -116
7414 1616113370630 -116
7415 1616113370724 -118
7416 1616113370818 -117
7417 1616113370912 -117
7418 1616113371006 -118
7419 1616113371100 -116
7420 1616113371194 -115
7421 1616113371288 -116
7422 1616113371382 -111
7423 1616113371473 -115
7424 1616113371567 -117
7425 1616113371661 -116
7426 1616113371755 -116
7427 1616113371849 -117
7428 1616113371943 -116
7429 1616113372037 -117
7430 1616113372131 -117
7431 1616113372225 -120
7432 1616113372319 -116
7433 1616113372413 -116
7434 1616113372507 -117
7435 1616113372601 -115
7436 1616113372699 -117
7437 1616113372794 -116
7438 1616113372889 -117
7439 1616113372984 -120
7440 1616113373079 -117
7441 1616113373174 -121
7442 1616113373269 -119
7443 1616113373364 -118
7444 1616113373459 -122
7445 1616113373554 -120
7446 1616113373649 -120
7447 1616113373744 -120
7448 1616113373839 -118
7449 1616113373931 -123
7450 1616113374025 -124
7451 1616113374119 -124
7452 1616113374213 -125
7453 1616113374307 -125
7454 1616113374401 -120
7455 1616113374495 -94
7456 1616113374589 -71
7457 1616113374683 -34
7458 1616113374777 -11
7459 1616113374871 -31
7460 1616113374965 -89
7461 1616113375059 -161
7462 1616113375155 -175
7463 1616113375249 -163
7464 1616113375343 -147
7465 1616113375437 -132
7466 1616113375531 -130
7467 1616113375625 -124
7468 1616113375719 -119
7469 1616113375813 -122
7470 1616113375907 -120
7471 1616113376001 -117
7472 1616113376095 -118
7473 1616113376189 -119
7474 1616113376283 -118
7475 1616113376371 -117
7476 1616113376466 -118
7477 1616113376561 -118
7478 1616113376656 -117
7479 1616113376751 -115
7480 1616113376846 -116
7481 1616113376941 -116
7482 1616113377036 -117
7483 1616113377131 -116
7484 1616113377226 -117
7485 1616113377321 -117
7486 1616113377416 -116
7487 1616113377511 -115
7488 1616113377605 -116
7489 1616113377701 -114
7490 1616113377797 -117
7491 1616113377893 -117
7492 1616113377989 -119
7493 1616113378085 -118
7494 1616113378181 -115
7495 1616113378277 -117
7496 1616113378373 -114
7497 1616113378469 -115
7498 1616113378565 -117
7499 1616113378661 -116
7500 1616113378757 -113
7501 1616113378848 -114
7502 1616113378941 -116
7503 1616113379034 -116
7504 1616113379127 -114
7505 1616113379220 -115
7506 1616113379313 -114
7507 1616113379406 -117
7508 1616113379499 -112
7509 1616113379592 -115
7510 1616113379685 -115
7511 1616113379778 -117
7512 1616113379871 -112
7513 1616113379964 -115
7514 1616113380063 -117
7515 1616113380158 -115
7516 1616113380253 -115
7517 1616113380348 -117
