5364 1618477992117 -17
5365 1618477992212 -15
5366 1618477992307 -17
5367 1618477992402 -15
5368 1618477992497 -16
5369 1618477992591 -16
5370 1618477992685 -15
5371 1618477992779 -18
5372 1618477992873 -15
5373 1618477992967 -17
5374 1618477993061 -17
5375 1618477993155 -15
5376 1618477993249 -14
5377 1618477993343 -15
5378 1618477993437 -17
5379 1618477993531 -17
5380 1618477993625 -17
5381 1618477993718 -17
5382 1618477993812 -15
5383 1618477993906 -19
5384 1618477994000 -15
5385 1618477994094 -16
5386 1618477994188 -15
5387 1618477994282 -15
5388 1618477994376 -15
5389 1618477994470 -15
5390 1618477994564 -15
5391 1618477994658 -18
5392 1618477994752 -15
5393 1618477994846 -18
5394 1618477994936 -16
5395 1618477995030 -16
5396 1618477995124 -18
5397 1618477995218 -16
5398 1618477995312 -13
5399 1618477995406 -20
5400 1618477995500 -17
5401 1618477995594 -15
5402 1618477995688 -14
5403 1618477995782 -15
5404 1618477995876 -18
5405 1618477995970 -15
5406 1618477996064 -15
5407 1618477996154 -14
5408 1618477996248 -11
5409 1618477996342 -13
5410 1618477996436 -10
5411 1618477996530 -3
5412 1618477996624 -1
5413 1618477996718 5
5414 1618477996812 15
5415 1618477996906 39
5416 1618477997000 68
5417 1618477997094 55
5418 1618477997188 28
5419 1618477997282 -46
5420 1618477997371 -136
5421 1618477997465 -65
5422 1618477997559 -27
5423 1618477997653 72
5424 1618477997747 -97
5425 1618477997841 -6
5426 1618477997935 -36
5427 1618477998029 -38
5428 1618477998123 -32
5429 1618477998217 -28
5430 1618477998311 -24
5431 1618477998405 -19
5432 1618477998499 -20
5433 1618477998591 -22
5434 1618477998685 -18
5435 1618477998779 -16
5436 1618477998873 -18
5437 1618477998967 -18
5438 1618477999061 -16
5439 1618477999155 -17
5440 1618477999249 -17
5441 1618477999343 -15
5442 1618477999437 -15
5443 1618477999531 -18
5444 1618477999625 -16
5445 1618477999719 -15
5446 1618477999811 -17
5447 1618477999905 -15
5448 1618477999999 -15
5449 1618478000093 -15
5450 1618478000187 -16
5451 1618478000281 -17
5452 1618478000375 -20
5453 1618478000469 -15
5454 1618478000563 -15
5455 1618478000657 -15
5456 1618478000751 -19
5457 1618478000845 -17
5458 1618478000939 -17
5459 1618478001034 -16
5460 1618478001127 -16
5461 1618478001220 -18
5462 1618478001313 -16
5463 1618478001406 -19
5464 1618478001499 -17
5465 1618478001592 -15
5466 1618478001685 -17
5467 1618478001778 -18
5468 1618478001871 -19
5469 1618478001964 -16
5470 1618478002057 -16
5471 1618478002150 -15
5472 1618478002247 -16
5473 1618478002341 -15
5474 1618478002435 -14
5475 1618478002529 -18
5476 1618478002623 -17
5477 1618478002717 -16
5478 1618478002811 -16
5479 1618478002905 -19
5480 1618478002999 -16
5481 1618478003093 -17
5482 1618478003187 -15
5483 1618478003281 -16
5484 1618478003375 -15
5485 1618478003468 -17
5486 1618478003562 -15
5487 1618478003656 -18
5488 1618478003750 -15
5489 1618478003844 -18
5490 1618478003938 -15
5491 1618478004032 -16
5492 1618478004126 -18
5493 1618478004220 -17
5494 1618478004314 -16
5495 1618478004408 -16
5496 1618478004502 -19
5497 1618478004596 -16
5498 1618478004687 -19
5499 1618478004781 -19
5500 1618478004875 -18
5501 1618478004969 -18
5502 1618478005063 -16
5503 1618478005157 -15
5504 1618478005251 -20
5505 1618478005345 -22
5506 1618478005439 -16
5507 1618478005533 -17
5508 1618478005627 -15
5509 1618478005721 -18
5510 1618478005815 -15
5511 1618478005904 -15
5512 1618478005998 -17
5513 1618478006092 -16
5514 1618478006186 -17
5515 1618478006280 -16
5516 1618478006374 -18
5517 1618478006468 -20
5518 1618478006562 -17
5519 1618478006656 -18
5520 1618478006750 -18
5521 1618478006844 -20
5522 1618478006938 -17
5523 1618478007032 -17
5524 1618478007125 -17
5525 1618478007219 -17
5526 1618478007313 -15
5527 1618478007407 -16
5528 1618478007501 -17
5529 1618478007595 -17
5530 1618478007689 -20
5531 1618478007783 -20
5532 1618478007877 -19
5533 1618478007971 -18
5534 1618478008065 -22
5535 1618478008159 -19
5536 1618478008253 -22
5537 1618478008342 -27
5538 1618478008436 -29
5539 1618478008530 -27
5540 1618478008624 -28
5541 1618478008718 -31
5542 1618478008812 -37
5543 1618478008906 -48
5544 1618478009000 -49
5545 1618478009094 -50
5546 1618478009188 -8
5547 1618478009282 -100
5548 1618478009376 -45
5549 1618478009470 79
5550 1618478009563 40
5551 1618478009657 -36
5552 1618478009751 -56
5553 1618478009845 -108
5554 1618478009939 -150
5555 1618478010033 -158
5556 1618478010127 -9
5557 1618478010221 15
5558 1618478010315 72
5559 1618478010409 59
5560 1618478010503 71
5561 1618478010597 60
5562 1618478010691 42
5563 1618478010783 22
5564 1618478010876 13
5565 1618478010969 6
5566 1618478011062 0
5567 1618478011155 0
5568 1618478011248 -5
5569 1618478011341 -9
5570 1618478011434 -9
5571 1618478011527 -10
5572 1618478011620 -11
5573 1618478011713 -13
5574 1618478011806 -12
5575 1618478011899 -14
5576 1618478011998 -14
5577 1618478012092 -16
5578 1618478012186 -15
5579 1618478012280 -14
5580 1618478012374 -18
5581 1618478012468 -17
5582 1618478012562 -16
5583 1618478012656 -18
5584 1618478012750 -15
5585 1618478012844 -15
5586 1618478012938 -17
5587 1618478013032 -15
5588 1618478013126 -16
5589 1618478013217 -19
5590 1618478013311 -13
5591 1618478013405 -16
5592 1618478013499 -16
5593 1618478013593 -16
5594 1618478013687 -17
5595 1618478013781 -14
5596 1618478013875 -19
5597 1618478013969 -19
5598 1618478014063 -15
5599 1618478014157 -16
5600 1618478014251 -19
5601 1618478014345 -18
5602 1618478014436 -15
5603 1618478014530 -19
5604 1618478014624 -15
5605 1618478014718 -16
5606 1618478014812 -16
5607 1618478014906 -16
5608 1618478015000 -18
5609 1618478015094 -15
5610 1618478015188 -16
5611 1618478015282 -18
5612 1618478015376 -19
5613 1618478015470 -13
5614 1618478015564 -18
5615 1618478015654 -15
5616 1618478015748 -18
