12331 1610679581176 321
12332 1610679581271 319
12333 1610679581366 323
12334 1610679581461 320
12335 1610679581556 320
12336 1610679581651 323
12337 1610679581740 322
12338 1610679581834 323
12339 1610679581928 320
12340 1610679582022 320
12341 1610679582116 321
12342 1610679582210 323
12343 1610679582304 324
12344 1610679582398 320
12345 1610679582492 325
12346 1610679582586 323
12347 1610679582680 321
12348 1610679582774 322
12349 1610679582868 322
12350 1610679582959 321
12351 1610679583053 320
12352 1610679583147 322
12353 1610679583241 320
12354 1610679583335 320
12355 1610679583429 319
12356 1610679583523 320
12357 1610679583617 325
12358 1610679583711 320
12359 1610679583805 322
12360 1610679583899 320
12361 1610679583993 327
12362 1610679584087 323
12363 1610679584177 320
12364 1610679584271 319
12365 1610679584365 324
12366 1610679584459 321
12367 1610679584553 320
12368 1610679584647 322
12369 1610679584741 325
12370 1610679584835 320
12371 1610679584929 320
12372 1610679585023 321
12373 1610679585117 316
12374 1610679585211 320
12375 1610679585305 320
12376 1610679585405 320
12377 1610679585499 324
12378 1610679585593 319
12379 1610679585687 319
12380 1610679585781 318
12381 1610679585875 315
12382 1610679585969 314
12383 1610679586063 307
12384 1610679586157 302
12385 1610679586251 295
12386 1610679586345 287
12387 1610679586439 267
12388 1610679586533 372
12389 1610679586632 496
12390 1610679586726 569
12391 1610679586820 810
12392 1610679586914 675
12393 1610679587008 701
12394 1610679587102 509
12395 1610679587196 228
12396 1610679587290 377
12397 1610679587384 293
12398 1610679587478 255
12399 1610679587572 277
12400 1610679587666 296
12401 1610679587760 305
12402 1610679587855 315
12403 1610679587949 322
12404 1610679588043 320
12405 1610679588137 320
12406 1610679588231 320
12407 1610679588325 319
12408 1610679588419 320
12409 1610679588513 318
12410 1610679588607 322
12411 1610679588701 320
12412 1610679588795 321
12413 1610679588889 322
12414 1610679588983 320
12415 1610679589082 323
12416 1610679589176 318
12417 1610679589270 321
12418 1610679589364 322
12419 1610679589458 323
12420 1610679589552 322
12421 1610679589646 325
12422 1610679589740 322
12423 1610679589834 323
12424 1610679589928 320
12425 1610679590022 321
12426 1610679590116 322
12427 1610679590210 323
12428 1610679590308 322
12429 1610679590402 322
12430 1610679590496 322
12431 1610679590590 325
12432 1610679590684 322
12433 1610679590778 325
12434 1610679590872 321
12435 1610679590966 321
12436 1610679591060 324
12437 1610679591154 322
12438 1610679591248 323
12439 1610679591342 321
12440 1610679591436 320
12441 1610679591528 320
12442 1610679591621 320
12443 1610679591714 321
12444 1610679591807 324
12445 1610679591900 322
12446 1610679591993 321
12447 1610679592086 323
12448 1610679592179 320
12449 1610679592272 320
12450 1610679592365 323
12451 1610679592458 324
12452 1610679592551 324
12453 1610679592644 321
12454 1610679592741 320
12455 1610679592836 322
12456 1610679592931 320
12457 1610679593026 320
12458 1610679593121 322
12459 1610679593216 325
12460 1610679593311 323
12461 1610679593406 324
12462 1610679593501 322
12463 1610679593596 323
12464 1610679593691 321
12465 1610679593786 321
12466 1610679593881 322
12467 1610679593977 323
12468 1610679594090 320
12469 1610679594203 322
12470 1610679594316 322
12471 1610679594429 325
12472 1610679594542 322
12473 1610679594655 319
12474 1610679594768 323
12475 1610679594881 324
12476 1610679594994 321
12477 1610679595107 323
12478 1610679595220 320
12479 1610679595333 324
12480 1610679595450 324
12481 1610679595527 323
12482 1610679595604 323
12483 1610679595681 322
12484 1610679595758 323
12485 1610679595835 320
12486 1610679595912 321
12487 1610679595989 327
12488 1610679596066 322
12489 1610679596143 321
12490 1610679596220 323
12491 1610679596297 320
12492 1610679596374 321
12493 1610679596446 320
12494 1610679596557 320
12495 1610679596668 321
12496 1610679596779 325
12497 1610679596890 322
12498 1610679597001 320
12499 1610679597112 321
12500 1610679597223 320
12501 1610679597334 318
12502 1610679597445 320
12503 1610679597556 312
12504 1610679597667 281
12505 1610679597778 278
12506 1610679597893 279
12507 1610679597984 356
12508 1610679598075 512
12509 1610679598166 586
12510 1610679598257 530
12511 1610679598348 441
12512 1610679598439 251
12513 1610679598530 278
12514 1610679598621 296
12515 1610679598712 308
12516 1610679598803 316
12517 1610679598894 318
12518 1610679598985 320
12519 1610679599080 319
12520 1610679599171 320
12521 1610679599262 320
12522 1610679599353 324
12523 1610679599444 324
12524 1610679599535 321
12525 1610679599626 321
12526 1610679599717 321
12527 1610679599808 321
12528 1610679599899 322
12529 1610679599990 322
12530 1610679600081 323
12531 1610679600172 320
12532 1610679600261 321
12533 1610679600345 322
12534 1610679600429 325
12535 1610679600513 323
12536 1610679600597 323
12537 1610679600681 321
12538 1610679600765 321
12539 1610679600849 320
12540 1610679600933 320
12541 1610679601017 319
12542 1610679601101 323
12543 1610679601185 322
12544 1610679601269 320
12545 1610679601355 322
12546 1610679601449 322
12547 1610679601543 322
12548 1610679601637 320
12549 1610679601731 320
12550 1610679601825 320
12551 1610679601919 322
12552 1610679602013 320
12553 1610679602107 321
12554 1610679602201 323
12555 1610679602295 327
12556 1610679602389 320
12557 1610679602483 323
12558 1610679602575 324
12559 1610679602684 322
12560 1610679602793 320
12561 1610679602902 320
12562 1610679603011 322
