14076	1610679745331	161	0
14077	1610679745425	163	0
14078	1610679745519	162	0
14079	1610679745611	163	0
14080	1610679745705	164	0
14081	1610679745799	162	0
14082	1610679745893	160	0
14083	1610679745987	162	0
14084	1610679746081	160	0
14085	1610679746175	160	0
14086	1610679746269	157	0
14087	1610679746363	162	0
14088	1610679746457	162	0
14089	1610679746551	162	0
14090	1610679746645	161	0
14091	1610679746739	162	0
14092	1610679746831	163	0
14093	1610679746925	162	0
14094	1610679747019	163	0
14095	1610679747113	161	0
14096	1610679747207	162	0
14097	1610679747301	164	0
14098	1610679747395	162	0
14099	1610679747489	162	0
14100	1610679747583	163	0
14101	1610679747677	162	0
14102	1610679747771	164	0
14103	1610679747865	165	0
14104	1610679747959	164	0
14105	1610679748048	162	0
14106	1610679748151	165	0
14107	1610679748254	167	0
14108	1610679748357	168	0
14109	1610679748460	168	0
14110	1610679748563	168	1
14111	1610679748666	172	1
14112	1610679748769	170	1
14113	1610679748872	174	1
14114	1610679748975	175	1
14115	1610679749078	179	1
14116	1610679749181	186	1
14117	1610679749284	195	1
14118	1610679749387	202	1
14119	1610679749472	216	1
14120	1610679749557	237	1
14121	1610679749642	262	1
14122	1610679749727	287	1
14123	1610679749812	206	1
14124	1610679749897	32	1
14125	1610679749982	-26	1
14126	1610679750067	-59	1
14127	1610679750152	-254	1
14128	1610679750237	-13	1
14129	1610679750322	28	1
14130	1610679750407	-72	1
14131	1610679750486	122	1
14132	1610679750580	-18	1
14133	1610679750674	73	1
14134	1610679750768	226	1
14135	1610679750862	265	1
14136	1610679750956	353	1
14137	1610679751050	258	1
14138	1610679751144	220	1
14139	1610679751238	204	1
14140	1610679751332	195	1
14141	1610679751426	186	1
14142	1610679751520	181	1
14143	1610679751614	175	1
14144	1610679751711	175	1
14145	1610679751805	172	1
14146	1610679751899	168	0
14147	1610679751993	167	0
14148	1610679752087	169	0
14149	1610679752181	166	0
14150	1610679752275	166	0
14151	1610679752369	164	0
14152	1610679752463	164	0
14153	1610679752557	164	0
14154	1610679752651	164	0
14155	1610679752745	162	0
14156	1610679752839	166	0
14157	1610679752927	162	0
14158	1610679753021	164	0
14159	1610679753115	161	0
14160	1610679753209	162	0
14161	1610679753303	162	0
14162	1610679753397	162	0
14163	1610679753491	161	0
14164	1610679753585	162	0
14165	1610679753679	159	0
14166	1610679753773	161	0
14167	1610679753867	162	0
14168	1610679753961	160	0
14169	1610679754055	161	0
14170	1610679754150	162	0
14171	1610679754244	160	0
14172	1610679754338	164	0
14173	1610679754432	163	0
14174	1610679754526	161	0
14175	1610679754620	158	0
14176	1610679754714	162	0
14177	1610679754808	162	0
14178	1610679754902	161	0
14179	1610679754996	160	0
14180	1610679755090	162	0
14181	1610679755184	161	0
14182	1610679755278	161	0
14183	1610679755370	161	0
14184	1610679755465	158	0
14185	1610679755560	163	0
14186	1610679755655	159	0
14187	1610679755750	160	0
14188	1610679755845	159	0
14189	1610679755940	162	0
14190	1610679756035	161	0
14191	1610679756130	162	0
14192	1610679756225	157	0
14193	1610679756320	161	0
14194	1610679756415	162	0
14195	1610679756510	159	0
14196	1610679756604	165	0
14197	1610679756698	158	0
14198	1610679756792	162	0
14199	1610679756886	162	0
14200	1610679756980	159	0
14201	1610679757074	162	0
14202	1610679757168	161	0
14203	1610679757262	162	0
14204	1610679757356	160	0
14205	1610679757450	163	0
14206	1610679757544	161	0
14207	1610679757638	162	0
14208	1610679757732	160	0
14209	1610679757822	162	0
14210	1610679757917	161	0
14211	1610679758012	160	0
14212	1610679758107	158	0
14213	1610679758202	161	0
14214	1610679758297	161	0
14215	1610679758392	162	0
14216	1610679758487	160	0
14217	1610679758582	162	0
14218	1610679758677	162	0
14219	1610679758772	164	0
14220	1610679758867	161	0
14221	1610679758962	160	0
14222	1610679759058	162	0
14223	1610679759152	160	0
14224	1610679759246	161	0
14225	1610679759340	162	0
14226	1610679759434	162	0
14227	1610679759528	160	0
14228	1610679759622	158	0
14229	1610679759716	160	0
14230	1610679759810	162	0
14231	1610679759904	161	0
14232	1610679759998	160	0
14233	1610679760092	163	0
14234	1610679760186	163	0
14235	1610679760275	161	0
14236	1610679760370	161	0
14237	1610679760465	157	0
14238	1610679760560	162	0
14239	1610679760655	164	0
14240	1610679760750	160	0
14241	1610679760845	159	0
14242	1610679760940	162	0
14243	1610679761035	162	0
14244	1610679761130	162	0
14245	1610679761225	161	0
14246	1610679761320	164	0
14247	1610679761415	162	0
14248	1610679761510	161	0
14249	1610679761604	162	0
14250	1610679761698	162	0
14251	1610679761792	163	0
14252	1610679761886	163	0
14253	1610679761980	165	0
14254	1610679762074	164	0
14255	1610679762168	165	1
14256	1610679762262	166	1
14257	1610679762356	172	1
14258	1610679762450	171	1
14259	1610679762544	175	1
14260	1610679762638	180	1
14261	1610679762729	192	1
14262	1610679762823	212	1
14263	1610679762917	262	1
14264	1610679763011	365	1
14265	1610679763105	360	1
14266	1610679763199	-89	1
14267	1610679763293	-38	1
14268	1610679763387	162	1
14269	1610679763481	-184	1
14270	1610679763575	66	1
14271	1610679763669	269	1
14272	1610679763763	227	1
14273	1610679763857	197	1
14274	1610679763948	180	1
14275	1610679764042	174	1
14276	1610679764136	168	0
14277	1610679764230	167	0
14278	1610679764324	168	0
14279	1610679764418	165	0
14280	1610679764512	166	0
14281	1610679764606	163	0
14282	1610679764700	164	0
14283	1610679764794	162	0
14284	1610679764888	162	0
14285	1610679764982	162	0
14286	1610679765076	161	0
14287	1610679765168	165	0
14288	1610679765262	163	0
14289	1610679765356	162	0
14290	1610679765450	162	0
14291	1610679765544	160	0
14292	1610679765638	162	0
14293	1610679765732	159	0
14294	1610679765826	162	0
14295	1610679765920	162	0
14296	1610679766014	162	0
14297	1610679766108	162	0
14298	1610679766202	162	0
14299	1610679766296	162	0
14300	1610679766387	164	0
14301	1610679766482	160	0
14302	1610679766577	160	0
14303	1610679766672	162	0
14304	1610679766767	162	0
14305	1610679766862	161	0
14306	1610679766957	162	0
14307	1610679767052	162	0
14308	1610679767147	158	0
14309	1610679767242	162	0
14310	1610679767337	163	0
14311	1610679767432	163	0
14312	1610679767527	162	0
14313	1610679767621	163	0
14314	1610679767716	159	0
14315	1610679767811	161	0
