5332 1618477993821 234
5333 1618477993915 227
5334 1618477994009 232
5335 1618477994103 227
5336 1618477994197 227
5337 1618477994291 229
5338 1618477994385 230
5339 1618477994479 229
5340 1618477994573 226
5341 1618477994667 230
5342 1618477994760 232
5343 1618477994854 226
5344 1618477994948 230
5345 1618477995042 228
5346 1618477995136 229
5347 1618477995230 229
5348 1618477995324 231
5349 1618477995418 230
5350 1618477995512 231
5351 1618477995606 230
5352 1618477995700 228
5353 1618477995794 225
5354 1618477995888 228
5355 1618477995980 226
5356 1618477996074 228
5357 1618477996168 227
5358 1618477996262 229
5359 1618477996356 227
5360 1618477996450 228
5361 1618477996544 230
5362 1618477996638 224
5363 1618477996732 227
5364 1618477996826 230
5365 1618477996920 229
5366 1618477997014 228
5367 1618477997108 230
5368 1618477997199 228
5369 1618477997293 230
5370 1618477997387 225
5371 1618477997481 223
5372 1618477997575 224
5373 1618477997669 225
5374 1618477997763 228
5375 1618477997857 234
5376 1618477997951 267
5377 1618477998045 355
5378 1618477998139 487
5379 1618477998233 480
5380 1618477998327 303
5381 1618477998418 160
5382 1618477998512 155
5383 1618477998606 228
5384 1618477998700 425
5385 1618477998794 251
5386 1618477998888 247
5387 1618477998982 240
5388 1618477999076 229
5389 1618477999170 229
5390 1618477999264 230
5391 1618477999358 229
5392 1618477999452 227
5393 1618477999546 229
5394 1618477999634 227
5395 1618477999728 226
5396 1618477999822 228
5397 1618477999916 227
5398 1618478000010 232
5399 1618478000104 231
5400 1618478000198 227
5401 1618478000292 226
5402 1618478000386 227
5403 1618478000480 228
5404 1618478000574 229
5405 1618478000668 230
5406 1618478000762 228
5407 1618478000854 227
5408 1618478000948 230
5409 1618478001042 229
5410 1618478001136 231
5411 1618478001230 230
5412 1618478001324 226
5413 1618478001418 230
5414 1618478001512 229
5415 1618478001606 228
5416 1618478001700 229
5417 1618478001794 230
5418 1618478001888 229
5419 1618478001982 228
5420 1618478002071 227
5421 1618478002165 226
5422 1618478002259 230
5423 1618478002353 226
5424 1618478002447 229
5425 1618478002541 228
5426 1618478002635 229
5427 1618478002729 227
5428 1618478002823 227
5429 1618478002917 228
5430 1618478003011 226
5431 1618478003105 230
5432 1618478003199 229
5433 1618478003292 227
5434 1618478003386 226
5435 1618478003480 227
5436 1618478003574 228
5437 1618478003668 226
5438 1618478003762 225
5439 1618478003856 229
5440 1618478003950 230
5441 1618478004044 230
5442 1618478004138 230
5443 1618478004232 230
5444 1618478004326 230
5445 1618478004420 230
5446 1618478004511 228
5447 1618478004605 230
5448 1618478004699 225
5449 1618478004793 230
5450 1618478004887 228
5451 1618478004981 224
5452 1618478005075 228
5453 1618478005169 229
5454 1618478005263 227
5455 1618478005357 226
5456 1618478005451 227
5457 1618478005545 229
5458 1618478005639 227
5459 1618478005730 230
5460 1618478005824 227
5461 1618478005918 228
5462 1618478006012 226
5463 1618478006106 228
5464 1618478006200 228
5465 1618478006294 229
5466 1618478006388 227
5467 1618478006482 230
5468 1618478006576 230
5469 1618478006670 229
5470 1618478006764 230
5471 1618478006858 232
5472 1618478006947 229
5473 1618478007041 229
5474 1618478007135 249
5475 1618478007229 238
5476 1618478007323 263
5477 1618478007417 242
5478 1618478007511 303
5479 1618478007605 425
5480 1618478007699 377
5481 1618478007793 252
5482 1618478007887 167
5483 1618478007981 157
5484 1618478008075 184
5485 1618478008175 170
5486 1618478008270 243
5487 1618478008365 385
5488 1618478008460 553
5489 1618478008555 507
5490 1618478008650 480
5491 1618478008745 392
5492 1618478008840 354
5493 1618478008935 309
5494 1618478009030 246
5495 1618478009125 234
5496 1618478009220 229
5497 1618478009315 227
5498 1618478009407 223
5499 1618478009501 225
5500 1618478009595 224
5501 1618478009689 224
5502 1618478009783 225
5503 1618478009877 225
5504 1618478009971 227
5505 1618478010065 226
5506 1618478010159 225
5507 1618478010253 228
5508 1618478010347 233
5509 1618478010441 227
5510 1618478010535 225
5511 1618478010630 229
5512 1618478010723 230
5513 1618478010816 230
5514 1618478010909 226
5515 1618478011002 228
5516 1618478011095 229
5517 1618478011188 230
5518 1618478011281 228
5519 1618478011374 229
5520 1618478011467 226
5521 1618478011560 230
5522 1618478011653 230
5523 1618478011746 231
5524 1618478011845 229
5525 1618478011939 233
5526 1618478012033 229
5527 1618478012127 227
5528 1618478012221 226
5529 1618478012315 228
5530 1618478012409 229
5531 1618478012503 230
5532 1618478012597 226
5533 1618478012691 229
5534 1618478012785 230
5535 1618478012879 230
5536 1618478012973 231
5537 1618478013064 230
5538 1618478013158 231
5539 1618478013252 229
5540 1618478013346 229
5541 1618478013440 227
5542 1618478013534 231
5543 1618478013628 228
5544 1618478013722 229
5545 1618478013816 230
5546 1618478013910 231
5547 1618478014004 228
5548 1618478014098 230
5549 1618478014192 228
5550 1618478014284 230
5551 1618478014379 230
5552 1618478014474 227
5553 1618478014569 229
