5765 1618476522109 380
5766 1618476522203 383
5767 1618476522297 383
5768 1618476522391 380
5769 1618476522485 381
5770 1618476522579 382
5771 1618476522673 381
5772 1618476522763 383
5773 1618476522858 381
5774 1618476522953 381
5775 1618476523048 380
5776 1618476523143 380
5777 1618476523238 384
5778 1618476523333 376
5779 1618476523428 380
5780 1618476523523 383
5781 1618476523618 379
5782 1618476523713 380
5783 1618476523808 380
5784 1618476523903 383
5785 1618476523999 381
5786 1618476524093 380
5787 1618476524187 381
5788 1618476524281 378
5789 1618476524375 382
5790 1618476524469 380
5791 1618476524563 379
5792 1618476524657 379
5793 1618476524751 380
5794 1618476524845 381
5795 1618476524939 379
5796 1618476525033 382
5797 1618476525127 381
5798 1618476525218 380
5799 1618476525313 379
5800 1618476525408 383
5801 1618476525503 380
5802 1618476525598 379
5803 1618476525693 383
5804 1618476525788 380
5805 1618476525883 380
5806 1618476525978 380
5807 1618476526073 380
5808 1618476526168 381
5809 1618476526263 380
5810 1618476526358 380
5811 1618476526452 380
5812 1618476526546 380
5813 1618476526640 379
5814 1618476526734 379
5815 1618476526828 380
5816 1618476526922 379
5817 1618476527016 380
5818 1618476527110 379
5819 1618476527204 380
5820 1618476527298 377
5821 1618476527392 379
5822 1618476527486 381
5823 1618476527580 377
5824 1618476527674 380
5825 1618476527769 377
5826 1618476527864 376
5827 1618476527959 375
5828 1618476528054 375
5829 1618476528149 379
5830 1618476528244 381
5831 1618476528339 376
5832 1618476528434 376
5833 1618476528529 372
5834 1618476528624 375
5835 1618476528719 375
5836 1618476528814 372
5837 1618476528903 366
5838 1618476528997 355
5839 1618476529091 355
5840 1618476529185 345
5841 1618476529279 332
5842 1618476529373 320
5843 1618476529467 344
5844 1618476529561 334
5845 1618476529655 342
5846 1618476529749 323
5847 1618476529843 344
5848 1618476529937 373
5849 1618476530031 402
5850 1618476530121 408
5851 1618476530216 398
5852 1618476530311 373
5853 1618476530406 367
5854 1618476530501 353
5855 1618476530596 341
5856 1618476530691 321
5857 1618476530786 286
5858 1618476530881 260
5859 1618476530976 327
5860 1618476531071 391
5861 1618476531166 418
5862 1618476531261 463
5863 1618476531358 472
5864 1618476531452 465
5865 1618476531546 460
5866 1618476531640 445
5867 1618476531734 427
5868 1618476531828 417
5869 1618476531922 406
5870 1618476532016 402
5871 1618476532110 395
5872 1618476532204 395
5873 1618476532298 390
5874 1618476532392 388
5875 1618476532486 392
5876 1618476532576 387
5877 1618476532671 383
5878 1618476532766 384
5879 1618476532861 385
5880 1618476532956 381
5881 1618476533051 386
5882 1618476533146 386
5883 1618476533241 381
5884 1618476533336 382
5885 1618476533431 382
5886 1618476533526 380
5887 1618476533621 382
5888 1618476533716 380
5889 1618476533811 381
5890 1618476533905 377
5891 1618476533999 380
5892 1618476534093 380
5893 1618476534187 381
5894 1618476534281 380
5895 1618476534375 380
5896 1618476534469 380
5897 1618476534563 379
5898 1618476534657 381
5899 1618476534751 380
5900 1618476534845 382
5901 1618476534939 381
5902 1618476535028 380
5903 1618476535122 382
5904 1618476535216 381
5905 1618476535310 380
5906 1618476535404 381
5907 1618476535498 380
5908 1618476535592 378
5909 1618476535686 380
5910 1618476535780 380
5911 1618476535874 380
5912 1618476535968 385
5913 1618476536062 381
5914 1618476536156 378
5915 1618476536247 382
5916 1618476536341 382
5917 1618476536435 380
5918 1618476536529 380
5919 1618476536623 380
5920 1618476536717 379
5921 1618476536811 380
5922 1618476536905 381
5923 1618476536999 379
5924 1618476537093 382
5925 1618476537187 380
5926 1618476537281 378
5927 1618476537375 379
5928 1618476537466 385
5929 1618476537560 377
5930 1618476537654 382
5931 1618476537748 380
5932 1618476537842 379
5933 1618476537936 381
5934 1618476538030 384
5935 1618476538124 381
5936 1618476538218 378
5937 1618476538312 381
5938 1618476538406 379
5939 1618476538500 382
5940 1618476538594 378
5941 1618476538687 382
5942 1618476538781 385
5943 1618476538875 387
5944 1618476538969 381
5945 1618476539063 377
5946 1618476539157 380
5947 1618476539251 380
5948 1618476539345 378
5949 1618476539439 380
5950 1618476539533 387
5951 1618476539627 381
5952 1618476539721 380
5953 1618476539815 378
5954 1618476539904 382
5955 1618476539998 380
5956 1618476540092 380
5957 1618476540186 380
5958 1618476540280 381
5959 1618476540374 377
5960 1618476540468 380
5961 1618476540562 381
5962 1618476540656 382
5963 1618476540750 380
5964 1618476540844 379
5965 1618476540938 382
5966 1618476541032 388
5967 1618476541124 381
5968 1618476541218 380
5969 1618476541312 381
5970 1618476541406 381
5971 1618476541500 384
5972 1618476541594 380
5973 1618476541688 379
5974 1618476541782 380
5975 1618476541876 380
5976 1618476541970 383
5977 1618476542064 382
5978 1618476542158 379
5979 1618476542252 379
5980 1618476542343 380
5981 1618476542437 380
5982 1618476542531 385
5983 1618476542625 380
5984 1618476542719 380
5985 1618476542813 380
5986 1618476542907 381
5987 1618476543001 382
5988 1618476543095 381
5989 1618476543189 380
5990 1618476543283 378
5991 1618476543377 379
5992 1618476543471 381
5993 1618476543562 382
5994 1618476543656 380
5995 1618476543750 380
5996 1618476543844 380
5997 1618476543938 378
5998 1618476544032 386
5999 1618476544126 380
6000 1618476544220 381
6001 1618476544314 381
6002 1618476544408 382
6003 1618476544502 381
6004 1618476544596 379
6005 1618476544690 380
6006 1618476544779 382
6007 1618476544873 380
6008 1618476544967 383
6009 1618476545061 379
6010 1618476545155 381
6011 1618476545249 380
6012 1618476545343 380
6013 1618476545437 380
6014 1618476545531 384
6015 1618476545625 380
6016 1618476545719 380
6017 1618476545813 378
6018 1618476545907 380
6019 1618476545997 381
6020 1618476546091 383
6021 1618476546185 382
6022 1618476546279 380
6023 1618476546373 379
6024 1618476546467 380
6025 1618476546561 385
6026 1618476546655 383
6027 1618476546749 383
6028 1618476546843 382
6029 1618476546937 387
6030 1618476547031 395
6031 1618476547125 394
6032 1618476547215 414
6033 1618476547309 423
6034 1618476547403 455
6035 1618476547497 462
6036 1618476547591 372
6037 1618476547685 272
6038 1618476547779 372
6039 1618476547873 398
6040 1618476547967 396
6041 1618476548061 339
6042 1618476548155 334
6043 1618476548249 333
6044 1618476548343 350
6045 1618476548434 367
6046 1618476548528 373
6047 1618476548622 373
6048 1618476548716 377
6049 1618476548810 380
6050 1618476548904 379
6051 1618476548998 378
6052 1618476549092 380
6053 1618476549186 380
6054 1618476549280 383
6055 1618476549374 379
6056 1618476549468 380
6057 1618476549562 379
6058 1618476549655 378
6059 1618476549749 380
6060 1618476549843 380
6061 1618476549937 380
6062 1618476550031 380
6063 1618476550125 380
6064 1618476550219 380
6065 1618476550313 379
6066 1618476550407 380
6067 1618476550501 380
6068 1618476550595 381
6069 1618476550689 382
6070 1618476550783 382
6071 1618476550875 378
6072 1618476550969 380
6073 1618476551063 380
6074 1618476551157 378
6075 1618476551251 379
6076 1618476551345 380
6077 1618476551439 383
6078 1618476551533 382
6079 1618476551627 380
6080 1618476551721 380
6081 1618476551815 381
6082 1618476551909 380
6083 1618476552003 382
6084 1618476552093 380
6085 1618476552187 380
6086 1618476552281 381
6087 1618476552375 380
6088 1618476552469 382
6089 1618476552563 380
6090 1618476552657 381
6091 1618476552751 380
6092 1618476552845 382
6093 1618476552939 380
6094 1618476553033 380
6095 1618476553127 379
6096 1618476553221 377
6097 1618476553313 381
6098 1618476553407 380
6099 1618476553501 381
6100 1618476553595 379
6101 1618476553689 378
6102 1618476553783 383
6103 1618476553877 378
6104 1618476553971 381
6105 1618476554065 380
6106 1618476554159 378
6107 1618476554253 379
6108 1618476554347 380
6109 1618476554441 380
