6771 1616113304508 -517
6772 1616113304602 -514
6773 1616113304700 -515
6774 1616113304794 -515
6775 1616113304888 -514
6776 1616113304982 -519
6777 1616113305076 -517
6778 1616113305170 -518
6779 1616113305264 -515
6780 1616113305358 -510
6781 1616113305452 -514
6782 1616113305546 -515
6783 1616113305640 -517
6784 1616113305734 -517
6785 1616113305828 -515
6786 1616113305921 -517
6787 1616113306015 -517
6788 1616113306109 -515
6789 1616113306203 -514
6790 1616113306297 -517
6791 1616113306391 -517
6792 1616113306485 -517
6793 1616113306579 -514
6794 1616113306673 -515
6795 1616113306767 -514
6796 1616113306861 -510
6797 1616113306955 -513
6798 1616113307049 -515
6799 1616113307139 -514
6800 1616113307233 -517
6801 1616113307327 -512
6802 1616113307421 -514
6803 1616113307515 -512
6804 1616113307609 -510
6805 1616113307703 -511
6806 1616113307797 -510
6807 1616113307891 -509
6808 1616113307985 -502
6809 1616113308079 -497
6810 1616113308173 -496
6811 1616113308267 -490
6812 1616113308357 -475
6813 1616113308451 -480
6814 1616113308545 -544
6815 1616113308639 -547
6816 1616113308733 -510
6817 1616113308827 -302
6818 1616113308921 -88
6819 1616113309015 -269
6820 1616113309109 -314
6821 1616113309203 -510
6822 1616113309297 -811
6823 1616113309391 -969
6824 1616113309485 -893
6825 1616113309577 -717
6826 1616113309671 -587
6827 1616113309765 -589
6828 1616113309859 -680
6829 1616113309953 -608
6830 1616113310047 -555
6831 1616113310141 -540
6832 1616113310235 -533
6833 1616113310329 -527
6834 1616113310423 -524
6835 1616113310517 -523
6836 1616113310611 -522
6837 1616113310705 -522
6838 1616113310795 -517
6839 1616113310889 -522
6840 1616113310983 -518
6841 1616113311077 -518
6842 1616113311171 -522
6843 1616113311265 -517
6844 1616113311359 -519
6845 1616113311453 -517
6846 1616113311547 -519
6847 1616113311641 -517
6848 1616113311735 -517
6849 1616113311829 -517
6850 1616113311923 -518
6851 1616113312016 -515
6852 1616113312110 -518
6853 1616113312204 -518
6854 1616113312298 -519
6855 1616113312392 -519
6856 1616113312486 -517
6857 1616113312580 -517
6858 1616113312674 -520
6859 1616113312768 -517
6860 1616113312862 -515
6861 1616113312956 -517
6862 1616113313050 -515
6863 1616113313144 -517
6864 1616113313234 -517
6865 1616113313328 -518
6866 1616113313422 -518
6867 1616113313516 -518
6868 1616113313610 -517
6869 1616113313704 -518
6870 1616113313798 -518
6871 1616113313892 -517
6872 1616113313986 -517
6873 1616113314080 -517
6874 1616113314174 -517
6875 1616113314268 -518
6876 1616113314362 -517
6877 1616113314452 -517
6878 1616113314546 -518
6879 1616113314640 -517
6880 1616113314734 -517
6881 1616113314828 -515
6882 1616113314922 -517
6883 1616113315016 -517
6884 1616113315110 -515
6885 1616113315204 -514
6886 1616113315298 -515
6887 1616113315392 -517
6888 1616113315486 -520
6889 1616113315580 -518
6890 1616113315673 -515
6891 1616113315767 -569
6892 1616113315861 -548
6893 1616113315955 -476
6894 1616113316049 -487
6895 1616113316143 -566
6896 1616113316237 -462
6897 1616113316331 -652
6898 1616113316425 -587
6899 1616113316519 -540
6900 1616113316613 -525
6901 1616113316707 -522
6902 1616113316801 -521
6903 1616113316889 -519
6904 1616113316983 -515
6905 1616113317077 -517
6906 1616113317171 -517
6907 1616113317265 -518
6908 1616113317359 -517
6909 1616113317453 -517
6910 1616113317547 -515
6911 1616113317641 -515
6912 1616113317735 -517
6913 1616113317829 -518
6914 1616113317923 -517
6915 1616113318017 -518
6916 1616113318109 -513
6917 1616113318204 -515
6918 1616113318299 -517
6919 1616113318394 -517
6920 1616113318489 -515
6921 1616113318584 -513
6922 1616113318679 -515
6923 1616113318774 -517
6924 1616113318869 -517
6925 1616113318964 -517
6926 1616113319059 -517
6927 1616113319154 -519
6928 1616113319249 -513
6929 1616113319342 -520
6930 1616113319436 -515
6931 1616113319530 -515
6932 1616113319624 -517
