4699 1618476421862 -94
4700 1618476421956 -93
4701 1618476422050 -93
4702 1618476422144 -93
4703 1618476422238 -95
4704 1618476422332 -94
4705 1618476422426 -91
4706 1618476422517 -94
4707 1618476422611 -92
4708 1618476422705 -94
4709 1618476422799 -95
4710 1618476422893 -95
4711 1618476422987 -92
4712 1618476423081 -96
4713 1618476423175 -97
4714 1618476423269 -90
4715 1618476423363 -96
4716 1618476423457 -95
4717 1618476423551 -94
4718 1618476423645 -93
4719 1618476423744 -93
4720 1618476423839 -97
4721 1618476423934 -91
4722 1618476424029 -92
4723 1618476424124 -94
4724 1618476424219 -92
4725 1618476424314 -94
4726 1618476424409 -96
4727 1618476424504 -94
4728 1618476424599 -92
4729 1618476424694 -95
4730 1618476424789 -96
4731 1618476424884 -95
4732 1618476424973 -94
4733 1618476425068 -95
4734 1618476425163 -91
4735 1618476425258 -95
4736 1618476425353 -98
4737 1618476425448 -94
4738 1618476425543 -93
4739 1618476425638 -94
4740 1618476425733 -92
4741 1618476425828 -96
4742 1618476425923 -92
4743 1618476426018 -92
4744 1618476426113 -97
4745 1618476426214 -91
4746 1618476426309 -93
4747 1618476426404 -91
4748 1618476426499 -94
4749 1618476426594 -96
4750 1618476426689 -93
4751 1618476426784 -95
4752 1618476426879 -95
4753 1618476426974 -97
4754 1618476427069 -92
4755 1618476427164 -94
4756 1618476427259 -103
4757 1618476427354 -95
4758 1618476427450 -97
4759 1618476427543 -93
4760 1618476427636 -95
4761 1618476427729 -92
4762 1618476427822 -96
4763 1618476427915 -96
4764 1618476428008 -96
4765 1618476428101 -94
4766 1618476428194 -96
4767 1618476428287 -96
4768 1618476428380 -98
4769 1618476428473 -99
4770 1618476428566 -98
4771 1618476428665 -97
4772 1618476428759 -97
4773 1618476428853 -97
4774 1618476428947 -98
4775 1618476429041 -96
4776 1618476429135 -98
4777 1618476429229 -100
4778 1618476429323 -100
4779 1618476429417 -98
4780 1618476429511 -102
4781 1618476429605 -102
4782 1618476429699 -103
4783 1618476429793 -106
4784 1618476429887 -106
4785 1618476429982 -107
4786 1618476430077 -113
4787 1618476430172 -124
4788 1618476430267 -123
4789 1618476430362 -128
4790 1618476430457 -119
4791 1618476430552 -117
4792 1618476430647 -127
4793 1618476430742 -81
4794 1618476430837 -79
4795 1618476430932 -118
4796 1618476431027 -174
4797 1618476431122 -187
4798 1618476431218 -100
4799 1618476431314 7
4800 1618476431410 2
4801 1618476431506 -11
4802 1618476431602 -35
4803 1618476431698 -82
4804 1618476431794 -119
4805 1618476431890 -127
4806 1618476431986 -137
4807 1618476432082 -162
4808 1618476432178 -202
4809 1618476432274 -240
4810 1618476432372 -245
4811 1618476432466 -253
4812 1618476432560 -190
4813 1618476432654 -98
4814 1618476432748 -73
4815 1618476432842 -65
4816 1618476432936 -14
4817 1618476433030 -27
4818 1618476433124 -35
4819 1618476433218 -25
4820 1618476433312 -19
4821 1618476433406 -21
4822 1618476433500 -28
4823 1618476433592 -41
4824 1618476433686 -55
4825 1618476433780 -62
4826 1618476433874 -70
4827 1618476433968 -74
4828 1618476434062 -78
4829 1618476434156 -79
4830 1618476434250 -82
4831 1618476434344 -84
4832 1618476434438 -82
4833 1618476434532 -86
4834 1618476434626 -87
4835 1618476434720 -88
4836 1618476434808 -87
4837 1618476434902 -91
4838 1618476434996 -91
4839 1618476435090 -91
4840 1618476435184 -97
4841 1618476435278 -92
4842 1618476435372 -92
4843 1618476435466 -90
4844 1618476435560 -90
4845 1618476435654 -91
4846 1618476435748 -92
4847 1618476435842 -91
4848 1618476435936 -93
4849 1618476436027 -91
4850 1618476436122 -92
4851 1618476436217 -92
4852 1618476436312 -89
4853 1618476436407 -95
4854 1618476436502 -90
4855 1618476436597 -93
4856 1618476436692 -93
4857 1618476436787 -94
4858 1618476436882 -95
4859 1618476436977 -93
4860 1618476437072 -92
4861 1618476437167 -95
4862 1618476437261 -94
4863 1618476437356 -93
4864 1618476437451 -94
4865 1618476437546 -93
4866 1618476437641 -92
4867 1618476437736 -92
4868 1618476437831 -92
4869 1618476437926 -94
4870 1618476438021 -93
4871 1618476438116 -94
4872 1618476438211 -95
4873 1618476438306 -90
4874 1618476438401 -93
4875 1618476438495 -96
4876 1618476438591 -92
4877 1618476438687 -96
4878 1618476438783 -93
4879 1618476438879 -96
4880 1618476438975 -94
4881 1618476439071 -96
4882 1618476439167 -94
4883 1618476439263 -93
4884 1618476439359 -94
4885 1618476439455 -91
4886 1618476439551 -96
4887 1618476439647 -94
4888 1618476439737 -95
4889 1618476439831 -95
4890 1618476439925 -92
4891 1618476440019 -94
4892 1618476440113 -91
4893 1618476440207 -94
4894 1618476440301 -91
4895 1618476440395 -94
4896 1618476440489 -96
4897 1618476440583 -94
4898 1618476440677 -92
4899 1618476440771 -93
4900 1618476440865 -93
4901 1618476440957 -91
4902 1618476441053 -94
4903 1618476441149 -91
4904 1618476441245 -93
4905 1618476441341 -94
4906 1618476441437 -91
4907 1618476441533 -93
4908 1618476441629 -91
4909 1618476441725 -92
4910 1618476441821 -93
4911 1618476441917 -94
4912 1618476442013 -93
4913 1618476442109 -90
4914 1618476442199 -94
4915 1618476442293 -93
4916 1618476442387 -94
4917 1618476442481 -94
4918 1618476442575 -95
4919 1618476442669 -94
4920 1618476442763 -91
4921 1618476442857 -94
4922 1618476442951 -92
4923 1618476443045 -97
4924 1618476443139 -93
4925 1618476443233 -96
4926 1618476443327 -94
4927 1618476443417 -92
4928 1618476443511 -94
4929 1618476443605 -95
4930 1618476443699 -92
4931 1618476443793 -96
4932 1618476443887 -93
4933 1618476443981 -94
4934 1618476444075 -91
4935 1618476444169 -93
4936 1618476444263 -89
4937 1618476444357 -94
4938 1618476444451 -96
4939 1618476444545 -97
4940 1618476444636 -92
4941 1618476444730 -92
4942 1618476444824 -92
4943 1618476444918 -94
4944 1618476445012 -94
4945 1618476445106 -94
4946 1618476445200 -92
4947 1618476445294 -93
4948 1618476445388 -95
4949 1618476445482 -90
4950 1618476445576 -93
4951 1618476445670 -92
4952 1618476445764 -93
4953 1618476445853 -94
4954 1618476445947 -92
4955 1618476446041 -97
4956 1618476446135 -92
4957 1618476446229 -92
4958 1618476446323 -92
4959 1618476446417 -96
4960 1618476446511 -91
4961 1618476446605 -93
4962 1618476446699 -94
4963 1618476446793 -93
4964 1618476446887 -89
4965 1618476446981 -90
4966 1618476447072 -92
4967 1618476447166 -91
4968 1618476447260 -90
4969 1618476447354 -91
4970 1618476447448 -89
4971 1618476447542 -94
4972 1618476447636 -87
4973 1618476447730 -87
4974 1618476447824 -83
4975 1618476447918 -84
4976 1618476448012 -77
4977 1618476448106 -72
4978 1618476448200 -64
4979 1618476448292 -33
4980 1618476448386 -27
4981 1618476448480 -7
4982 1618476448574 -13
4983 1618476448668 -18
4984 1618476448762 -39
4985 1618476448856 -173
4986 1618476448950 -223
4987 1618476449044 -190
4988 1618476449138 -135
4989 1618476449232 -101
4990 1618476449326 -27
4991 1618476449420 -6
4992 1618476449512 -143
4993 1618476449606 -165
4994 1618476449700 -147
4995 1618476449794 -102
4996 1618476449888 -115
4997 1618476449982 -108
4998 1618476450076 -107
4999 1618476450170 -104
5000 1618476450264 -101
5001 1618476450358 -101
5002 1618476450452 -98
5003 1618476450546 -99
5004 1618476450640 -96
5005 1618476450732 -97
5006 1618476450826 -95
5007 1618476450920 -95
5008 1618476451014 -96
5009 1618476451108 -96
5010 1618476451202 -96
5011 1618476451296 -96
5012 1618476451390 -95
5013 1618476451484 -96
5014 1618476451578 -96
5015 1618476451672 -93
5016 1618476451766 -95
5017 1618476451860 -94
5018 1618476451952 -95
5019 1618476452046 -97
5020 1618476452140 -96
5021 1618476452234 -93
5022 1618476452328 -92
5023 1618476452422 -92
5024 1618476452516 -91
5025 1618476452610 -93
5026 1618476452704 -93
5027 1618476452798 -92
5028 1618476452892 -90
5029 1618476452986 -94
5030 1618476453080 -92
5031 1618476453172 -92
5032 1618476453265 -92
5033 1618476453358 -97
5034 1618476453451 -92
5035 1618476453544 -97
5036 1618476453637 -92
5037 1618476453730 -97
5038 1618476453823 -95
5039 1618476453916 -93
5040 1618476454009 -95
5041 1618476454102 -96
5042 1618476454195 -96
5043 1618476454288 -95
5044 1618476454386 -93
5045 1618476454480 -93
5046 1618476454574 -93
5047 1618476454668 -95
5048 1618476454762 -93
5049 1618476454856 -94
5050 1618476454950 -94
5051 1618476455044 -96
5052 1618476455138 -94
5053 1618476455232 -97
5054 1618476455326 -95
5055 1618476455420 -97
5056 1618476455514 -96
5057 1618476455606 -96
5058 1618476455700 -92
5059 1618476455794 -96
5060 1618476455888 -94
5061 1618476455982 -97
5062 1618476456076 -95
5063 1618476456170 -92
5064 1618476456264 -96
5065 1618476456358 -93
5066 1618476456452 -94
5067 1618476456546 -96
5068 1618476456640 -99
