19027 1616114475521 -115
19028 1616114475614 -115
19029 1616114475707 -117
19030 1616114475800 -118
19031 1616114475893 -117
19032 1616114475992 -115
19033 1616114476086 -117
19034 1616114476180 -117
19035 1616114476274 -116
19036 1616114476368 -116
19037 1616114476462 -116
19038 1616114476556 -117
19039 1616114476650 -115
19040 1616114476744 -114
19041 1616114476838 -115
19042 1616114476932 -114
19043 1616114477026 -117
19044 1616114477120 -116
19045 1616114477212 -113
19046 1616114477306 -114
19047 1616114477400 -117
19048 1616114477494 -114
19049 1616114477588 -116
19050 1616114477682 -115
19051 1616114477776 -115
19052 1616114477870 -117
19053 1616114477964 -117
19054 1616114478058 -118
19055 1616114478152 -113
19056 1616114478246 -114
19057 1616114478340 -117
19058 1616114478438 -116
19059 1616114478533 -117
19060 1616114478628 -117
19061 1616114478723 -116
19062 1616114478818 -114
19063 1616114478913 -117
19064 1616114479008 -117
19065 1616114479103 -119
19066 1616114479198 -117
19067 1616114479293 -114
19068 1616114479388 -113
19069 1616114479483 -117
19070 1616114479578 -117
19071 1616114479672 -117
19072 1616114479766 -116
19073 1616114479860 -116
19074 1616114479954 -118
19075 1616114480048 -116
19076 1616114480142 -117
19077 1616114480236 -117
19078 1616114480330 -116
19079 1616114480424 -117
19080 1616114480518 -117
19081 1616114480612 -116
19082 1616114480706 -117
19083 1616114480800 -116
19084 1616114480890 -117
19085 1616114480984 -115
19086 1616114481078 -117
19087 1616114481172 -115
19088 1616114481266 -117
19089 1616114481360 -114
19090 1616114481454 -116
19091 1616114481548 -115
19092 1616114481642 -116
19093 1616114481736 -116
19094 1616114481830 -118
19095 1616114481924 -117
19096 1616114482018 -117
19097 1616114482112 -120
19098 1616114482207 -121
19099 1616114482302 -121
19100 1616114482397 -127
19101 1616114482492 -138
19102 1616114482587 -152
19103 1616114482682 -150
19104 1616114482777 -150
19105 1616114482872 -142
19106 1616114482967 -127
19107 1616114483062 -111
19108 1616114483157 -88
19109 1616114483252 -76
19110 1616114483346 -74
19111 1616114483441 -85
19112 1616114483536 -93
19113 1616114483631 -102
19114 1616114483726 -107
19115 1616114483821 -109
19116 1616114483916 -111
19117 1616114484011 -115
19118 1616114484106 -116
19119 1616114484201 -115
19120 1616114484296 -113
19121 1616114484391 -112
19122 1616114484486 -116
19123 1616114484580 -114
19124 1616114484674 -117
19125 1616114484768 -115
19126 1616114484862 -114
19127 1616114484956 -117
19128 1616114485050 -113
19129 1616114485144 -116
19130 1616114485238 -122
19131 1616114485332 -115
19132 1616114485426 -117
19133 1616114485520 -115
19134 1616114485614 -115
19135 1616114485708 -117
19136 1616114485800 -114
19137 1616114485894 -116
19138 1616114485988 -117
19139 1616114486082 -115
19140 1616114486176 -117
19141 1616114486270 -114
19142 1616114486364 -114
19143 1616114486458 -118
19144 1616114486552 -115
19145 1616114486646 -115
19146 1616114486740 -116
19147 1616114486834 -116
19148 1616114486928 -114
19149 1616114487017 -115
19150 1616114487112 -117
19151 1616114487207 -117
19152 1616114487302 -116
19153 1616114487397 -117
19154 1616114487492 -116
19155 1616114487587 -117
19156 1616114487682 -116
19157 1616114487777 -117
19158 1616114487872 -116
19159 1616114487967 -117
19160 1616114488062 -116
19161 1616114488157 -117
19162 1616114488250 -117
19163 1616114488345 -116
19164 1616114488440 -117
19165 1616114488535 -117
19166 1616114488630 -120
19167 1616114488725 -116
19168 1616114488820 -116
19169 1616114488915 -116
19170 1616114489010 -117
19171 1616114489105 -117
19172 1616114489200 -117
19173 1616114489295 -120
19174 1616114489390 -117
19175 1616114489484 -116
19176 1616114489578 -113
19177 1616114489672 -116
19178 1616114489766 -116
19179 1616114489860 -117
19180 1616114489954 -114
19181 1616114490048 -117
19182 1616114490142 -116
19183 1616114490236 -117
19184 1616114490330 -117
19185 1616114490424 -114
19186 1616114490518 -117
19187 1616114490612 -118
19188 1616114490703 -113
19189 1616114490797 -117
19190 1616114490891 -115
19191 1616114490985 -116
19192 1616114491079 -119
19193 1616114491173 -117
19194 1616114491267 -116
19195 1616114491361 -116
19196 1616114491455 -115
19197 1616114491549 -115
19198 1616114491643 -115
19199 1616114491737 -117
19200 1616114491831 -117
19201 1616114491922 -114
19202 1616114492017 -118
19203 1616114492112 -115
19204 1616114492207 -115
19205 1616114492302 -116
19206 1616114492397 -118
19207 1616114492492 -117
19208 1616114492587 -119
19209 1616114492682 -115
19210 1616114492777 -116
19211 1616114492872 -117
19212 1616114492967 -117
19213 1616114493062 -117
19214 1616114493158 -116
19215 1616114493252 -117
19216 1616114493346 -114
19217 1616114493440 -116
19218 1616114493534 -115
19219 1616114493628 -118
19220 1616114493722 -117
19221 1616114493816 -117
19222 1616114493910 -116
19223 1616114494004 -116
19224 1616114494098 -116
19225 1616114494192 -116
19226 1616114494286 -117
19227 1616114494378 -117
19228 1616114494472 -112
19229 1616114494566 -118
19230 1616114494660 -113
19231 1616114494754 -112
19232 1616114494848 -113
19233 1616114494942 -114
19234 1616114495036 -115
19235 1616114495130 -117
19236 1616114495224 -123
19237 1616114495318 -130
19238 1616114495412 -131
19239 1616114495506 -135
19240 1616114495594 -129
19241 1616114495688 -122
19242 1616114495782 -111
19243 1616114495876 -110
19244 1616114495970 -109
19245 1616114496064 -112
19246 1616114496158 -122
19247 1616114496252 -121
19248 1616114496346 -124
19249 1616114496440 -128
19250 1616114496534 -127
19251 1616114496628 -122
19252 1616114496722 -118
19253 1616114496813 -117
19254 1616114496908 -117
19255 1616114497003 -120
19256 1616114497098 -116
19257 1616114497193 -117
19258 1616114497288 -116
19259 1616114497383 -117
19260 1616114497478 -117
19261 1616114497573 -117
19262 1616114497668 -117
19263 1616114497763 -117
19264 1616114497858 -116
19265 1616114497953 -117
19266 1616114498049 -117
19267 1616114498143 -120
19268 1616114498237 -117
19269 1616114498331 -116
19270 1616114498425 -117
19271 1616114498519 -114
19272 1616114498613 -117
19273 1616114498707 -115
19274 1616114498801 -115
19275 1616114498895 -117
19276 1616114498989 -116
19277 1616114499083 -119
19278 1616114499177 -117
19279 1616114499267 -117
19280 1616114499361 -117
19281 1616114499455 -115
19282 1616114499549 -116
19283 1616114499643 -117
19284 1616114499737 -116
19285 1616114499831 -120
19286 1616114499925 -116
19287 1616114500019 -117
19288 1616114500113 -115
19289 1616114500207 -118
19290 1616114500301 -114
19291 1616114500395 -114
19292 1616114500487 -115
19293 1616114500581 -117
19294 1616114500675 -117
19295 1616114500769 -115
19296 1616114500863 -115
19297 1616114500957 -114
19298 1616114501051 -115
19299 1616114501145 -117
19300 1616114501239 -116
19301 1616114501333 -115
19302 1616114501427 -117
19303 1616114501521 -114
19304 1616114501615 -116
19305 1616114501706 -116
19306 1616114501800 -116
19307 1616114501894 -117
19308 1616114501988 -116
