4217 1616113069854 200
4218 1616113069948 198
4219 1616113070042 200
4220 1616113070136 201
4221 1616113070230 198
4222 1616113070324 197
4223 1616113070418 197
4224 1616113070512 200
4225 1616113070612 200
4226 1616113070706 199
4227 1616113070800 199
4228 1616113070894 204
4229 1616113070988 200
4230 1616113071082 201
4231 1616113071176 199
4232 1616113071270 198
4233 1616113071364 200
4234 1616113071458 200
4235 1616113071552 199
4236 1616113071646 198
4237 1616113071740 199
4238 1616113071829 199
4239 1616113071923 197
4240 1616113072017 201
4241 1616113072111 200
4242 1616113072205 202
4243 1616113072299 200
4244 1616113072393 202
4245 1616113072487 202
4246 1616113072581 198
4247 1616113072675 196
4248 1616113072769 199
4249 1616113072863 202
4250 1616113072957 198
4251 1616113073048 200
4252 1616113073142 199
4253 1616113073236 200
4254 1616113073330 196
4255 1616113073424 197
4256 1616113073518 198
4257 1616113073612 194
4258 1616113073706 197
4259 1616113073800 195
4260 1616113073894 194
4261 1616113073988 200
4262 1616113074082 196
4263 1616113074176 193
4264 1616113074267 193
4265 1616113074361 190
4266 1616113074455 189
4267 1616113074549 182
4268 1616113074643 180
4269 1616113074737 177
4270 1616113074831 177
4271 1616113074925 175
4272 1616113075019 175
4273 1616113075113 174
4274 1616113075207 179
4275 1616113075301 182
4276 1616113075395 182
4277 1616113075484 192
4278 1616113075579 193
4279 1616113075674 199
4280 1616113075769 202
4281 1616113075864 205
4282 1616113075959 202
4283 1616113076054 206
4284 1616113076149 206
4285 1616113076244 204
4286 1616113076339 202
4287 1616113076434 200
4288 1616113076529 201
4289 1616113076624 200
4290 1616113076720 198
4291 1616113076814 196
4292 1616113076908 198
4293 1616113077002 196
4294 1616113077096 200
4295 1616113077190 199
4296 1616113077284 200
4297 1616113077378 196
4298 1616113077472 197
4299 1616113077566 196
4300 1616113077660 195
4301 1616113077754 198
4302 1616113077848 201
4303 1616113077939 200
4304 1616113078034 200
4305 1616113078129 200
4306 1616113078224 198
4307 1616113078319 198
4308 1616113078414 200
4309 1616113078509 200
4310 1616113078604 199
4311 1616113078699 202
4312 1616113078794 200
4313 1616113078889 203
4314 1616113078984 197
4315 1616113079079 198
4316 1616113079176 200
4317 1616113079270 198
4318 1616113079364 197
4319 1616113079458 200
4320 1616113079552 200
4321 1616113079646 199
4322 1616113079740 199
4323 1616113079834 201
4324 1616113079928 198
4325 1616113080022 199
4326 1616113080116 197
4327 1616113080210 199
4328 1616113080304 200
4329 1616113080392 202
4330 1616113080487 204
4331 1616113080582 199
4332 1616113080677 199
4333 1616113080772 200
4334 1616113080867 196
4335 1616113080962 198
4336 1616113081057 196
4337 1616113081152 198
4338 1616113081247 195
4339 1616113081342 199
4340 1616113081437 196
4341 1616113081532 200
4342 1616113081628 197
4343 1616113081722 198
4344 1616113081816 198
4345 1616113081910 201
4346 1616113082004 200
4347 1616113082098 198
4348 1616113082192 200
4349 1616113082286 201
4350 1616113082380 198
4351 1616113082474 198
4352 1616113082568 199
4353 1616113082662 197
4354 1616113082756 199
4355 1616113082846 198
4356 1616113082940 197
4357 1616113083034 198
4358 1616113083128 197
4359 1616113083222 198
4360 1616113083316 197
4361 1616113083410 199
4362 1616113083504 199
4363 1616113083598 198
4364 1616113083692 197
4365 1616113083786 204
4366 1616113083880 197
4367 1616113083974 199
4368 1616113084073 196
4369 1616113084167 197
4370 1616113084261 201
4371 1616113084355 198
4372 1616113084449 200
4373 1616113084543 197
4374 1616113084637 202
4375 1616113084731 199
4376 1616113084825 199
4377 1616113084919 199
4378 1616113085013 199
4379 1616113085107 200
4380 1616113085201 200
4381 1616113085291 199
4382 1616113085385 203
4383 1616113085479 200
4384 1616113085573 198
4385 1616113085667 200
4386 1616113085761 200
4387 1616113085855 201
4388 1616113085949 198
4389 1616113086043 197
4390 1616113086137 200
4391 1616113086231 197
4392 1616113086325 199
4393 1616113086419 200
4394 1616113086510 201
4395 1616113086604 197
4396 1616113086698 198
4397 1616113086792 198
4398 1616113086886 204
4399 1616113086980 200
4400 1616113087074 199
4401 1616113087168 198
4402 1616113087262 200
4403 1616113087356 200
4404 1616113087450 198
4405 1616113087544 199
4406 1616113087638 196
4407 1616113087736 199
4408 1616113087831 200
4409 1616113087926 200
4410 1616113088021 199
4411 1616113088116 199
4412 1616113088211 200
4413 1616113088306 196
4414 1616113088401 196
4415 1616113088496 203
4416 1616113088591 200
4417 1616113088686 198
4418 1616113088781 197
4419 1616113088876 199
4420 1616113088969 197
4421 1616113089064 199
4422 1616113089159 198
4423 1616113089254 200
4424 1616113089349 200
4425 1616113089444 197
4426 1616113089539 199
4427 1616113089634 200
4428 1616113089729 200
4429 1616113089824 199
4430 1616113089919 198
4431 1616113090014 200
4432 1616113090109 196
4433 1616113090204 201
4434 1616113090299 204
4435 1616113090394 196
4436 1616113090489 199
4437 1616113090584 198
4438 1616113090679 198
4439 1616113090774 199
4440 1616113090869 196
4441 1616113090964 198
4442 1616113091059 200
4443 1616113091154 203
4444 1616113091249 199
4445 1616113091344 197
4446 1616113091439 199
4447 1616113091533 198
4448 1616113091627 198
4449 1616113091721 194
4450 1616113091815 196
4451 1616113091909 196
4452 1616113092003 197
4453 1616113092097 199
4454 1616113092191 200
4455 1616113092285 195
4456 1616113092379 191
4457 1616113092473 192
4458 1616113092567 191
4459 1616113092661 189
4460 1616113092755 182
4461 1616113092849 177
4462 1616113092943 171
4463 1616113093037 160
4464 1616113093131 159
4465 1616113093225 157
4466 1616113093319 163
4467 1616113093413 167
4468 1616113093507 178
4469 1616113093601 182
4470 1616113093695 187
4471 1616113093789 192
4472 1616113093878 182
4473 1616113093972 188
4474 1616113094066 192
4475 1616113094160 200
4476 1616113094254 200
4477 1616113094348 200
4478 1616113094442 197
4479 1616113094536 198
4480 1616113094630 197
4481 1616113094724 199
4482 1616113094818 199
4483 1616113094912 197
4484 1616113095006 198
4485 1616113095096 200
4486 1616113095190 200
4487 1616113095284 204
4488 1616113095378 198
4489 1616113095472 200
4490 1616113095566 199
4491 1616113095660 200
4492 1616113095754 196
4493 1616113095848 200
4494 1616113095942 198
4495 1616113096036 197
4496 1616113096130 197
4497 1616113096224 197
4498 1616113096317 199
4499 1616113096411 198
4500 1616113096505 198
4501 1616113096599 199
4502 1616113096693 200
4503 1616113096787 205
4504 1616113096881 196
4505 1616113096975 198
4506 1616113097069 196
4507 1616113097163 197
4508 1616113097257 199
4509 1616113097351 201
4510 1616113097445 198
4511 1616113097536 197
4512 1616113097629 200
4513 1616113097722 199
4514 1616113097815 196
4515 1616113097908 198
4516 1616113098001 199
4517 1616113098094 200
4518 1616113098187 199
