14966 1616114094122 -115
14967 1616114094216 -117
14968 1616114094310 -116
14969 1616114094404 -116
14970 1616114094498 -115
14971 1616114094592 -117
14972 1616114094686 -116
14973 1616114094780 -114
14974 1616114094874 -117
14975 1616114094968 -117
14976 1616114095059 -117
14977 1616114095153 -117
14978 1616114095247 -117
14979 1616114095341 -116
14980 1616114095435 -116
14981 1616114095529 -117
14982 1616114095623 -114
14983 1616114095717 -114
14984 1616114095811 -116
14985 1616114095905 -117
14986 1616114095999 -117
14987 1616114096093 -117
14988 1616114096187 -115
14989 1616114096277 -115
14990 1616114096371 -117
14991 1616114096465 -118
14992 1616114096559 -114
14993 1616114096653 -118
14994 1616114096747 -114
14995 1616114096841 -116
14996 1616114096935 -117
14997 1616114097029 -116
14998 1616114097123 -117
14999 1616114097217 -117
15000 1616114097311 -115
15001 1616114097405 -112
15002 1616114097497 -116
15003 1616114097592 -115
15004 1616114097687 -117
15005 1616114097782 -118
15006 1616114097877 -119
15007 1616114097972 -116
15008 1616114098067 -119
15009 1616114098162 -116
15010 1616114098257 -116
15011 1616114098352 -114
15012 1616114098447 -118
15013 1616114098542 -118
15014 1616114098637 -116
15015 1616114098733 -116
15016 1616114098827 -116
15017 1616114098921 -117
15018 1616114099015 -117
15019 1616114099109 -116
15020 1616114099203 -120
15021 1616114099297 -119
15022 1616114099391 -116
15023 1616114099485 -117
15024 1616114099579 -118
15025 1616114099673 -119
15026 1616114099767 -118
15027 1616114099861 -120
15028 1616114099949 -117
15029 1616114100043 -117
15030 1616114100137 -125
15031 1616114100231 -121
15032 1616114100325 -119
15033 1616114100419 -122
15034 1616114100513 -121
15035 1616114100607 -123
15036 1616114100701 -124
15037 1616114100795 -122
15038 1616114100889 -117
15039 1616114100983 -107
15040 1616114101077 -92
15041 1616114101169 -82
15042 1616114101263 -78
15043 1616114101357 -76
15044 1616114101451 -80
15045 1616114101545 -94
15046 1616114101639 -117
15047 1616114101733 -134
15048 1616114101827 -152
15049 1616114101921 -153
15050 1616114102015 -149
15051 1616114102109 -135
15052 1616114102203 -121
15053 1616114102297 -117
15054 1616114102388 -117
15055 1616114102482 -116
15056 1616114102576 -117
15057 1616114102670 -118
15058 1616114102764 -121
15059 1616114102858 -117
15060 1616114102952 -116
15061 1616114103046 -116
15062 1616114103140 -120
15063 1616114103234 -118
15064 1616114103328 -117
15065 1616114103422 -117
15066 1616114103516 -115
15067 1616114103608 -112
15068 1616114103702 -116
15069 1616114103796 -115
15070 1616114103890 -117
15071 1616114103984 -117
15072 1616114104078 -117
15073 1616114104172 -115
15074 1616114104266 -115
15075 1616114104360 -115
15076 1616114104454 -117
15077 1616114104548 -116
15078 1616114104642 -121
15079 1616114104736 -117
15080 1616114104827 -116
15081 1616114104921 -119
15082 1616114105015 -120
15083 1616114105109 -118
15084 1616114105203 -119
15085 1616114105297 -116
15086 1616114105391 -117
15087 1616114105485 -116
15088 1616114105579 -117
15089 1616114105673 -118
15090 1616114105767 -115
15091 1616114105861 -116
15092 1616114105955 -117
15093 1616114106043 -117
15094 1616114106137 -120
15095 1616114106231 -116
15096 1616114106325 -115
15097 1616114106419 -114
15098 1616114106513 -117
15099 1616114106607 -119
15100 1616114106701 -117
15101 1616114106795 -116
15102 1616114106889 -116
15103 1616114106983 -117
15104 1616114107077 -116
15105 1616114107171 -115
15106 1616114107264 -114
15107 1616114107358 -113
15108 1616114107452 -117
15109 1616114107546 -114
15110 1616114107640 -117
15111 1616114107734 -116
15112 1616114107828 -118
15113 1616114107922 -117
15114 1616114108016 -118
15115 1616114108110 -117
15116 1616114108204 -118
15117 1616114108298 -117
15118 1616114108392 -114
15119 1616114108481 -117
15120 1616114108575 -113
15121 1616114108669 -117
15122 1616114108763 -119
15123 1616114108857 -119
15124 1616114108951 -117
15125 1616114109045 -120
15126 1616114109139 -119
15127 1616114109233 -117
15128 1616114109327 -119
15129 1616114109421 -123
15130 1616114109515 -120
15131 1616114109609 -121
15132 1616114109699 -120
15133 1616114109793 -117
15134 1616114109887 -112
15135 1616114109981 -105
15136 1616114110075 -96
15137 1616114110169 -89
15138 1616114110263 -89
15139 1616114110357 -91
15140 1616114110451 -93
15141 1616114110545 -98
15142 1616114110639 -110
15143 1616114110733 -122
15144 1616114110827 -132
15145 1616114110919 -133
15146 1616114111013 -133
15147 1616114111107 -132
15148 1616114111201 -125
15149 1616114111295 -125
15150 1616114111389 -125
15151 1616114111483 -120
15152 1616114111577 -121
15153 1616114111671 -121
15154 1616114111765 -118
15155 1616114111859 -117
15156 1616114111953 -117
15157 1616114112047 -117
15158 1616114112138 -117
15159 1616114112232 -117
15160 1616114112326 -115
15161 1616114112420 -117
15162 1616114112514 -118
15163 1616114112608 -116
15164 1616114112702 -117
15165 1616114112796 -116
15166 1616114112890 -116
15167 1616114112984 -115
15168 1616114113078 -117
15169 1616114113172 -116
15170 1616114113266 -115
15171 1616114113360 -117
15172 1616114113454 -116
15173 1616114113548 -117
15174 1616114113642 -117
15175 1616114113736 -117
15176 1616114113830 -117
15177 1616114113924 -117
15178 1616114114018 -117
15179 1616114114112 -114
15180 1616114114206 -117
15181 1616114114300 -117
15182 1616114114394 -116
15183 1616114114488 -117
15184 1616114114577 -116
15185 1616114114671 -117
15186 1616114114765 -117
