11835 1616113782472 -518
11836 1616113782566 -515
11837 1616113782660 -517
11838 1616113782754 -515
11839 1616113782848 -518
11840 1616113782942 -517
11841 1616113783036 -517
11842 1616113783130 -517
11843 1616113783220 -515
11844 1616113783314 -517
11845 1616113783408 -518
11846 1616113783502 -518
11847 1616113783596 -518
11848 1616113783690 -519
11849 1616113783784 -513
11850 1616113783878 -519
11851 1616113783972 -518
11852 1616113784066 -520
11853 1616113784160 -518
11854 1616113784254 -520
11855 1616113784348 -520
11856 1616113784437 -518
11857 1616113784531 -519
11858 1616113784625 -518
11859 1616113784719 -517
11860 1616113784813 -519
11861 1616113784907 -522
11862 1616113785001 -519
11863 1616113785095 -523
11864 1616113785189 -523
11865 1616113785283 -522
11866 1616113785377 -522
11867 1616113785471 -523
11868 1616113785565 -529
11869 1616113785655 -530
11870 1616113785749 -528
11871 1616113785843 -523
11872 1616113785937 -531
11873 1616113786031 -534
11874 1616113786125 -540
11875 1616113786219 -552
11876 1616113786313 -558
11877 1616113786407 -575
11878 1616113786501 -602
11879 1616113786595 -643
11880 1616113786689 -700
11881 1616113786783 -869
11882 1616113786876 -592
11883 1616113786970 -442
11884 1616113787064 -348
11885 1616113787158 -420
11886 1616113787252 -719
11887 1616113787346 -690
11888 1616113787440 -628
11889 1616113787534 -709
11890 1616113787628 -659
11891 1616113787722 -580
11892 1616113787816 -548
11893 1616113787910 -534
11894 1616113788004 -527
11895 1616113788095 -522
11896 1616113788189 -515
11897 1616113788283 -521
11898 1616113788377 -520
11899 1616113788471 -519
11900 1616113788565 -519
11901 1616113788659 -514
11902 1616113788753 -515
11903 1616113788847 -519
11904 1616113788941 -515
11905 1616113789035 -515
11906 1616113789129 -517
11907 1616113789223 -515
11908 1616113789313 -517
11909 1616113789407 -517
11910 1616113789501 -515
11911 1616113789595 -517
11912 1616113789689 -515
11913 1616113789783 -517
11914 1616113789877 -517
11915 1616113789971 -515
11916 1616113790065 -518
11917 1616113790159 -517
11918 1616113790253 -520
11919 1616113790347 -518
11920 1616113790441 -519
11921 1616113790531 -515
11922 1616113790625 -517
11923 1616113790719 -517
11924 1616113790813 -517
11925 1616113790907 -517
11926 1616113791001 -515
11927 1616113791095 -515
11928 1616113791189 -514
11929 1616113791283 -517
11930 1616113791377 -517
11931 1616113791471 -517
11932 1616113791565 -518
11933 1616113791659 -517
11934 1616113791753 -515
11935 1616113791847 -517
11936 1616113791941 -515
11937 1616113792035 -517
11938 1616113792129 -514
11939 1616113792223 -517
11940 1616113792317 -515
11941 1616113792411 -515
11942 1616113792505 -518
11943 1616113792599 -515
11944 1616113792693 -515
11945 1616113792787 -515
11946 1616113792881 -515
11947 1616113792970 -512
11948 1616113793064 -517
11949 1616113793158 -517
11950 1616113793252 -518
11951 1616113793346 -518
11952 1616113793440 -515
11953 1616113793534 -517
11954 1616113793628 -515
11955 1616113793722 -519
11956 1616113793816 -515
11957 1616113793910 -517
11958 1616113794004 -518
11959 1616113794098 -515
11960 1616113794188 -515
11961 1616113794282 -515
11962 1616113794376 -519
11963 1616113794470 -515
11964 1616113794564 -517
11965 1616113794658 -517
11966 1616113794752 -518
11967 1616113794846 -517
11968 1616113794940 -515
11969 1616113795034 -515
11970 1616113795128 -515
11971 1616113795222 -515
11972 1616113795316 -517
11973 1616113795408 -517
11974 1616113795502 -518
11975 1616113795596 -518
11976 1616113795690 -519
11977 1616113795784 -518
11978 1616113795878 -515
11979 1616113795972 -518
11980 1616113796066 -518
11981 1616113796160 -518
11982 1616113796254 -518
11983 1616113796348 -514
11984 1616113796442 -517
11985 1616113796536 -517
11986 1616113796634 -517
11987 1616113796728 -520
11988 1616113796822 -517
11989 1616113796916 -515
11990 1616113797010 -517
11991 1616113797104 -515
11992 1616113797198 -517
11993 1616113797292 -517
11994 1616113797386 -517
11995 1616113797480 -517
11996 1616113797574 -515
11997 1616113797668 -517
11998 1616113797762 -517
11999 1616113797852 -515
12000 1616113797946 -517
12001 1616113798040 -511
12002 1616113798134 -517
12003 1616113798228 -517
12004 1616113798322 -517
12005 1616113798416 -515
12006 1616113798510 -514
12007 1616113798604 -517
12008 1616113798698 -515
12009 1616113798792 -517
12010 1616113798886 -515
12011 1616113798980 -517
12012 1616113799071 -517
12013 1616113799165 -518
12014 1616113799259 -515
12015 1616113799353 -517
12016 1616113799447 -517
12017 1616113799541 -509
12018 1616113799635 -517
12019 1616113799729 -515
12020 1616113799823 -517
12021 1616113799917 -518
12022 1616113800011 -517
12023 1616113800105 -517
12024 1616113800199 -518
12025 1616113800288 -515
12026 1616113800383 -517
12027 1616113800478 -514
12028 1616113800573 -517
12029 1616113800668 -514
12030 1616113800763 -515
12031 1616113800858 -515
12032 1616113800953 -515
12033 1616113801048 -513
12034 1616113801143 -511
12035 1616113801238 -517
12036 1616113801333 -515
12037 1616113801428 -520
12038 1616113801526 -517
12039 1616113801620 -517
12040 1616113801714 -514
12041 1616113801808 -513
12042 1616113801902 -517
12043 1616113801996 -515
12044 1616113802090 -513
12045 1616113802184 -515
12046 1616113802278 -517
12047 1616113802372 -514
12048 1616113802466 -514
12049 1616113802560 -512
12050 1616113802654 -514
12051 1616113802743 -512
12052 1616113802837 -511
12053 1616113802931 -513
12054 1616113803025 -511
12055 1616113803119 -512
12056 1616113803213 -513
12057 1616113803307 -511
12058 1616113803401 -510
12059 1616113803495 -508
12060 1616113803589 -510
12061 1616113803683 -510
12062 1616113803777 -509
12063 1616113803871 -505
12064 1616113803961 -507
12065 1616113804056 -504
12066 1616113804151 -499
12067 1616113804246 -496
12068 1616113804341 -492
12069 1616113804436 -485
12070 1616113804531 -485
12071 1616113804626 -488
12072 1616113804721 -510
12073 1616113804816 -467
12074 1616113804911 -432
12075 1616113805006 -376
12076 1616113805101 -317
12077 1616113805195 -434
12078 1616113805290 -575
12079 1616113805385 -587
12080 1616113805480 -665
12081 1616113805575 -520
12082 1616113805670 -523
12083 1616113805765 -423
12084 1616113805860 -556
12085 1616113805955 -609
12086 1616113806050 -572
12087 1616113806145 -542
12088 1616113806240 -527
12089 1616113806335 -522
12090 1616113806431 -522
12091 1616113806525 -518
12092 1616113806619 -515
12093 1616113806713 -517
12094 1616113806807 -515
12095 1616113806901 -520
12096 1616113806995 -520
12097 1616113807089 -518
12098 1616113807183 -515
12099 1616113807277 -515
12100 1616113807371 -510
12101 1616113807465 -518
12102 1616113807559 -515
12103 1616113807651 -518
12104 1616113807745 -515
12105 1616113807839 -517
12106 1616113807933 -519
12107 1616113808027 -518
12108 1616113808121 -518
12109 1616113808215 -517
12110 1616113808309 -515
12111 1616113808403 -517
12112 1616113808497 -517
12113 1616113808591 -515
12114 1616113808685 -517
12115 1616113808779 -517
12116 1616113808867 -517
12117 1616113808961 -510
12118 1616113809055 -517
12119 1616113809149 -515
12120 1616113809243 -521
12121 1616113809337 -515
12122 1616113809431 -517
12123 1616113809525 -518
12124 1616113809619 -515
12125 1616113809713 -515
12126 1616113809807 -515
12127 1616113809901 -517
12128 1616113809995 -517
12129 1616113810087 -519
12130 1616113810181 -515
12131 1616113810275 -518
