6422 1618478096225 380
6423 1618478096317 379
6424 1618478096409 380
6425 1618478096501 377
6426 1618478096593 378
6427 1618478096685 380
6428 1618478096777 380
6429 1618478096869 380
6430 1618478096961 378
6431 1618478097053 379
6432 1618478097145 382
6433 1618478097237 377
6434 1618478097333 376
6435 1618478097427 380
6436 1618478097521 377
6437 1618478097615 380
6438 1618478097709 380
6439 1618478097803 377
6440 1618478097897 380
6441 1618478097991 378
6442 1618478098085 379
6443 1618478098179 380
6444 1618478098273 378
6445 1618478098367 381
6446 1618478098461 378
6447 1618478098553 380
6448 1618478098648 380
6449 1618478098743 377
6450 1618478098838 380
6451 1618478098933 380
6452 1618478099028 377
6453 1618478099123 379
6454 1618478099218 384
6455 1618478099313 384
6456 1618478099408 382
6457 1618478099503 386
6458 1618478099598 391
6459 1618478099693 401
6460 1618478099785 432
6461 1618478099879 451
6462 1618478099973 466
6463 1618478100067 417
6464 1618478100161 307
6465 1618478100255 285
6466 1618478100349 352
6467 1618478100443 395
6468 1618478100537 410
6469 1618478100631 327
6470 1618478100725 315
6471 1618478100819 314
6472 1618478100913 353
6473 1618478101007 370
6474 1618478101101 373
6475 1618478101195 372
6476 1618478101289 375
6477 1618478101383 375
6478 1618478101477 376
6479 1618478101571 377
6480 1618478101665 379
6481 1618478101759 377
6482 1618478101853 378
6483 1618478101947 382
6484 1618478102041 374
6485 1618478102135 377
6486 1618478102227 380
6487 1618478102321 379
6488 1618478102415 376
6489 1618478102509 378
6490 1618478102603 380
6491 1618478102697 379
6492 1618478102791 378
6493 1618478102885 378
6494 1618478102979 379
6495 1618478103073 381
6496 1618478103167 376
6497 1618478103261 379
6498 1618478103355 377
6499 1618478103444 378
6500 1618478103539 376
6501 1618478103634 377
6502 1618478103729 380
6503 1618478103824 379
6504 1618478103919 375
6505 1618478104014 382
6506 1618478104109 378
6507 1618478104204 378
6508 1618478104299 378
6509 1618478104394 380
6510 1618478104489 380
6511 1618478104584 375
6512 1618478104677 379
6513 1618478104771 375
6514 1618478104865 380
6515 1618478104959 378
6516 1618478105053 380
6517 1618478105147 377
6518 1618478105241 380
6519 1618478105335 378
6520 1618478105429 379
6521 1618478105523 377
6522 1618478105617 380
6523 1618478105711 376
6524 1618478105805 377
6525 1618478105895 378
6526 1618478105990 377
6527 1618478106085 381
6528 1618478106180 378
6529 1618478106275 379
6530 1618478106370 379
6531 1618478106465 376
6532 1618478106560 379
6533 1618478106655 379
6534 1618478106750 381
6535 1618478106845 385
6536 1618478106940 377
6537 1618478107035 381
6538 1618478107133 376
6539 1618478107227 377
6540 1618478107321 376
6541 1618478107415 378
6542 1618478107509 377
6543 1618478107603 376
6544 1618478107697 377
6545 1618478107791 378
6546 1618478107885 377
6547 1618478107979 377
6548 1618478108073 375
6549 1618478108167 376
6550 1618478108261 377
6551 1618478108349 380
6552 1618478108444 377
6553 1618478108539 377
6554 1618478108634 377
6555 1618478108729 379
6556 1618478108824 379
6557 1618478108919 375
6558 1618478109014 380
6559 1618478109109 375
6560 1618478109204 374
6561 1618478109299 371
6562 1618478109394 373
6563 1618478109489 372
6564 1618478109584 366
6565 1618478109678 358
6566 1618478109772 349
6567 1618478109866 328
6568 1618478109960 294
6569 1618478110054 311
6570 1618478110148 338
6571 1618478110242 344
6572 1618478110336 401
6573 1618478110430 423
6574 1618478110524 395
6575 1618478110618 357
6576 1618478110712 314
6577 1618478110802 285
6578 1618478110896 265
6579 1618478110990 296
6580 1618478111084 401
6581 1618478111178 431
6582 1618478111272 467
6583 1618478111366 464
6584 1618478111460 457
6585 1618478111554 430
6586 1618478111648 413
6587 1618478111742 401
6588 1618478111836 394
6589 1618478111930 397
6590 1618478112021 389
6591 1618478112115 386
6592 1618478112209 384
6593 1618478112303 384
6594 1618478112397 383
6595 1618478112491 381
6596 1618478112585 379
6597 1618478112679 381
6598 1618478112773 378
6599 1618478112867 380
6600 1618478112961 380
6601 1618478113055 380
6602 1618478113149 380
6603 1618478113241 382
6604 1618478113335 381
6605 1618478113429 379
6606 1618478113523 379
6607 1618478113617 379
6608 1618478113711 379
6609 1618478113805 384
6610 1618478113899 384
6611 1618478113993 380
6612 1618478114087 379
6613 1618478114181 378
6614 1618478114275 377
6615 1618478114369 380
6616 1618478114460 380
6617 1618478114555 381
6618 1618478114650 378
6619 1618478114745 378
6620 1618478114840 380
6621 1618478114935 378
6622 1618478115030 380
6623 1618478115125 380
6624 1618478115220 380
6625 1618478115315 383
6626 1618478115410 379
6627 1618478115505 375
6628 1618478115600 379
6629 1618478115697 379
6630 1618478115790 380
6631 1618478115883 379
6632 1618478115976 376
6633 1618478116069 378
6634 1618478116162 380
6635 1618478116255 379
6636 1618478116348 379
6637 1618478116441 380
6638 1618478116534 376
6639 1618478116627 380
6640 1618478116720 381
6641 1618478116813 379
6642 1618478116911 379
