2180 1616112865699 215
2181 1616112865793 216
2182 1616112865887 215
2183 1616112865981 213
2184 1616112866070 220
2185 1616112866165 217
2186 1616112866260 213
2187 1616112866355 217
2188 1616112866450 212
2189 1616112866545 216
2190 1616112866640 217
2191 1616112866735 214
2192 1616112866830 215
2193 1616112866925 212
2194 1616112867020 216
2195 1616112867115 220
2196 1616112867210 217
2197 1616112867301 217
2198 1616112867394 214
2199 1616112867487 216
2200 1616112867580 220
2201 1616112867673 215
2202 1616112867766 215
2203 1616112867859 216
2204 1616112867952 217
2205 1616112868045 213
2206 1616112868138 215
2207 1616112868231 215
2208 1616112868324 212
2209 1616112868417 217
2210 1616112868516 216
2211 1616112868610 213
2212 1616112868704 215
2213 1616112868798 216
2214 1616112868892 214
2215 1616112868986 217
2216 1616112869080 212
2217 1616112869174 220
2218 1616112869268 217
2219 1616112869362 215
2220 1616112869456 216
2221 1616112869550 217
2222 1616112869644 212
2223 1616112869735 214
2224 1616112869829 211
2225 1616112869923 212
2226 1616112870017 212
2227 1616112870111 210
2228 1616112870205 212
2229 1616112870299 210
2230 1616112870393 211
2231 1616112870487 209
2232 1616112870581 207
2233 1616112870675 210
2234 1616112870769 204
2235 1616112870863 197
2236 1616112870954 195
2237 1616112871048 199
2238 1616112871142 240
2239 1616112871236 450
2240 1616112871330 643
2241 1616112871424 417
2242 1616112871518 261
2243 1616112871612 87
2244 1616112871706 117
2245 1616112871800 540
2246 1616112871894 1010
2247 1616112871988 1048
2248 1616112872082 -431
2249 1616112872172 329
2250 1616112872266 323
2251 1616112872360 147
2252 1616112872454 497
2253 1616112872548 470
2254 1616112872642 320
2255 1616112872736 188
2256 1616112872830 180
2257 1616112872924 196
2258 1616112873018 207
2259 1616112873112 210
2260 1616112873206 210
2261 1616112873300 212
2262 1616112873391 211
2263 1616112873485 214
2264 1616112873579 211
2265 1616112873673 215
2266 1616112873767 215
2267 1616112873861 214
2268 1616112873955 217
2269 1616112874049 215
2270 1616112874143 217
2271 1616112874237 216
2272 1616112874331 216
2273 1616112874425 217
2274 1616112874519 215
2275 1616112874611 219
2276 1616112874705 215
2277 1616112874799 217
2278 1616112874893 222
2279 1616112874987 217
2280 1616112875081 217
2281 1616112875175 216
2282 1616112875269 217
2283 1616112875363 214
2284 1616112875457 215
2285 1616112875551 217
2286 1616112875645 217
2287 1616112875739 216
2288 1616112875829 217
2289 1616112875923 216
2290 1616112876017 214
2291 1616112876111 216
2292 1616112876205 216
2293 1616112876299 219
2294 1616112876393 221
2295 1616112876487 215
2296 1616112876581 217
2297 1616112876675 217
2298 1616112876769 217
2299 1616112876863 219
2300 1616112876957 217
2301 1616112877052 215
2302 1616112877146 217
2303 1616112877240 217
2304 1616112877334 214
2305 1616112877428 220
2306 1616112877522 217
2307 1616112877616 217
2308 1616112877710 217
2309 1616112877804 217
2310 1616112877898 219
2311 1616112877992 217
2312 1616112878086 214
2313 1616112878180 213
2314 1616112878269 216
2315 1616112878363 215
2316 1616112878457 215
2317 1616112878551 217
2318 1616112878645 213
2319 1616112878739 217
2320 1616112878833 217
2321 1616112878927 214
2322 1616112879021 216
2323 1616112879115 216
2324 1616112879209 214
2325 1616112879303 215
2326 1616112879397 217
2327 1616112879486 217
2328 1616112879580 217
2329 1616112879674 215
2330 1616112879768 214
2331 1616112879862 215
2332 1616112879956 216
2333 1616112880050 216
2334 1616112880144 217
2335 1616112880238 213
2336 1616112880332 214
2337 1616112880426 214
2338 1616112880520 216
2339 1616112880614 216
2340 1616112880705 216
2341 1616112880799 215
2342 1616112880893 215
2343 1616112880987 219
2344 1616112881081 217
2345 1616112881175 217
2346 1616112881269 217
2347 1616112881363 215
2348 1616112881457 217
2349 1616112881551 216
2350 1616112881645 215
2351 1616112881739 215
2352 1616112881833 216
2353 1616112881925 213
2354 1616112882019 215
2355 1616112882113 214
2356 1616112882207 216
2357 1616112882301 216
2358 1616112882395 217
2359 1616112882489 215
2360 1616112882583 214
2361 1616112882677 217
2362 1616112882771 216
2363 1616112882865 212
2364 1616112882959 216
2365 1616112883053 216
2366 1616112883142 212
2367 1616112883237 214
2368 1616112883332 212
2369 1616112883427 212
2370 1616112883522 211
2371 1616112883617 206
2372 1616112883712 204
2373 1616112883807 203
2374 1616112883902 198
2375 1616112883997 195
2376 1616112884092 199
2377 1616112884187 278
2378 1616112884282 553
2379 1616112884377 150
2380 1616112884471 340
2381 1616112884565 309
2382 1616112884659 165
2383 1616112884753 277
2384 1616112884847 527
2385 1616112884941 473
2386 1616112885035 334
2387 1616112885129 248
2388 1616112885223 255
2389 1616112885317 237
2390 1616112885411 230
2391 1616112885505 223
2392 1616112885596 220
2393 1616112885690 217
2394 1616112885784 216
2395 1616112885878 217
2396 1616112885972 219
2397 1616112886066 216
2398 1616112886160 217
2399 1616112886254 217
2400 1616112886348 217
2401 1616112886442 217
2402 1616112886536 217
2403 1616112886630 216
2404 1616112886724 216
2405 1616112886815 219
2406 1616112886909 219
2407 1616112887003 217
2408 1616112887097 220
2409 1616112887191 215
2410 1616112887285 217
2411 1616112887379 217
2412 1616112887473 217
2413 1616112887567 216
2414 1616112887661 217
2415 1616112887755 216
2416 1616112887849 214
2417 1616112887943 217
2418 1616112888033 217
2419 1616112888127 212
2420 1616112888221 215
2421 1616112888315 216
2422 1616112888409 220
2423 1616112888503 215
2424 1616112888597 216
2425 1616112888691 217
2426 1616112888785 217
2427 1616112888879 215
2428 1616112888973 215
2429 1616112889067 214
2430 1616112889161 220
2431 1616112889253 217
