1242 1610678537347 166
1243 1610678537441 160
1244 1610678537535 164
1245 1610678537629 165
1246 1610678537723 163
1247 1610678537817 166
1248 1610678537908 164
1249 1610678538002 164
1250 1610678538096 165
1251 1610678538190 163
1252 1610678538284 163
1253 1610678538378 164
1254 1610678538472 166
1255 1610678538566 162
1256 1610678538660 162
1257 1610678538754 168
1258 1610678538848 161
1259 1610678538942 159
1260 1610678539036 162
1261 1610678539124 162
1262 1610678539218 161
1263 1610678539312 161
1264 1610678539406 158
1265 1610678539500 156
1266 1610678539594 153
1267 1610678539688 151
1268 1610678539782 148
1269 1610678539876 143
1270 1610678539970 117
1271 1610678540064 -28
1272 1610678540158 -80
1273 1610678540252 467
1274 1610678540346 442
1275 1610678540440 574
1276 1610678540534 482
1277 1610678540628 377
1278 1610678540722 223
1279 1610678540816 115
1280 1610678540910 133
1281 1610678541004 146
1282 1610678541098 152
1283 1610678541192 157
1284 1610678541286 158
1285 1610678541380 162
1286 1610678541474 162
1287 1610678541562 166
1288 1610678541656 164
1289 1610678541750 165
1290 1610678541844 165
1291 1610678541938 162
1292 1610678542032 162
1293 1610678542126 165
1294 1610678542220 163
1295 1610678542314 165
1296 1610678542408 166
1297 1610678542502 170
1298 1610678542596 167
1299 1610678542690 167
1300 1610678542784 165
1301 1610678542878 171
1302 1610678542972 176
1303 1610678543066 178
1304 1610678543160 187
1305 1610678543254 194
1306 1610678543348 190
1307 1610678543442 205
1308 1610678543536 547
1309 1610678543630 155
1310 1610678543724 209
1311 1610678543818 117
1312 1610678543912 77
1313 1610678544000 140
1314 1610678544094 197
1315 1610678544188 275
1316 1610678544282 144
1317 1610678544376 37
1318 1610678544470 109
1319 1610678544564 152
1320 1610678544658 162
1321 1610678544752 167
1322 1610678544846 165
1323 1610678544940 170
1324 1610678545034 165
1325 1610678545128 164
1326 1610678545228 165
1327 1610678545322 166
1328 1610678545416 166
1329 1610678545510 164
1330 1610678545604 163
1331 1610678545698 163
1332 1610678545792 164
1333 1610678545886 167
1334 1610678545980 165
1335 1610678546074 166
1336 1610678546168 162
1337 1610678546262 164
1338 1610678546356 162
1339 1610678546446 163
