11835 1616113782472 -84
11836 1616113782566 -83
11837 1616113782660 -83
11838 1616113782754 -84
11839 1616113782848 -84
11840 1616113782942 -86
11841 1616113783036 -84
11842 1616113783130 -82
11843 1616113783220 -83
11844 1616113783314 -83
11845 1616113783408 -85
11846 1616113783502 -87
11847 1616113783596 -86
11848 1616113783690 -84
11849 1616113783784 -88
11850 1616113783878 -85
11851 1616113783972 -88
11852 1616113784066 -87
11853 1616113784160 -86
11854 1616113784254 -88
11855 1616113784348 -87
11856 1616113784437 -85
11857 1616113784531 -85
11858 1616113784625 -87
11859 1616113784719 -86
11860 1616113784813 -87
11861 1616113784907 -87
11862 1616113785001 -87
11863 1616113785095 -90
11864 1616113785189 -87
11865 1616113785283 -89
11866 1616113785377 -89
11867 1616113785471 -88
11868 1616113785565 -89
11869 1616113785655 -90
11870 1616113785749 -90
11871 1616113785843 -92
11872 1616113785937 -91
11873 1616113786031 -90
11874 1616113786125 -92
11875 1616113786219 -92
11876 1616113786313 -95
11877 1616113786407 -95
11878 1616113786501 -98
11879 1616113786595 -106
11880 1616113786689 -151
11881 1616113786783 -41
11882 1616113786876 270
11883 1616113786970 191
11884 1616113787064 58
11885 1616113787158 -5
11886 1616113787252 106
11887 1616113787346 38
11888 1616113787440 -163
11889 1616113787534 -96
11890 1616113787628 -72
11891 1616113787722 -95
11892 1616113787816 -99
11893 1616113787910 -95
11894 1616113788004 -90
11895 1616113788095 -90
11896 1616113788189 -92
11897 1616113788283 -88
11898 1616113788377 -87
11899 1616113788471 -85
11900 1616113788565 -83
11901 1616113788659 -82
11902 1616113788753 -86
11903 1616113788847 -87
11904 1616113788941 -84
11905 1616113789035 -85
11906 1616113789129 -85
11907 1616113789223 -84
11908 1616113789313 -83
11909 1616113789407 -86
11910 1616113789501 -83
11911 1616113789595 -84
11912 1616113789689 -83
11913 1616113789783 -86
11914 1616113789877 -84
11915 1616113789971 -86
11916 1616113790065 -87
11917 1616113790159 -85
11918 1616113790253 -84
11919 1616113790347 -86
11920 1616113790441 -89
11921 1616113790531 -85
11922 1616113790625 -85
11923 1616113790719 -84
11924 1616113790813 -84
11925 1616113790907 -88
11926 1616113791001 -85
11927 1616113791095 -83
11928 1616113791189 -82
11929 1616113791283 -83
11930 1616113791377 -83
11931 1616113791471 -84
11932 1616113791565 -86
11933 1616113791659 -84
11934 1616113791753 -85
11935 1616113791847 -84
11936 1616113791941 -84
11937 1616113792035 -83
11938 1616113792129 -82
11939 1616113792223 -87
11940 1616113792317 -83
11941 1616113792411 -83
11942 1616113792505 -87
11943 1616113792599 -85
11944 1616113792693 -84
11945 1616113792787 -86
11946 1616113792881 -84
11947 1616113792970 -84
11948 1616113793064 -85
11949 1616113793158 -86
11950 1616113793252 -86
11951 1616113793346 -84
11952 1616113793440 -85
11953 1616113793534 -84
11954 1616113793628 -84
11955 1616113793722 -87
11956 1616113793816 -86
11957 1616113793910 -85
11958 1616113794004 -88
11959 1616113794098 -83
11960 1616113794188 -82
11961 1616113794282 -83
11962 1616113794376 -86
11963 1616113794470 -85
11964 1616113794564 -86
11965 1616113794658 -84
11966 1616113794752 -85
11967 1616113794846 -87
11968 1616113794940 -84
11969 1616113795034 -85
11970 1616113795128 -84
11971 1616113795222 -82
11972 1616113795316 -83
11973 1616113795408 -85
11974 1616113795502 -84
11975 1616113795596 -83
11976 1616113795690 -85
11977 1616113795784 -86
11978 1616113795878 -84
11979 1616113795972 -84
11980 1616113796066 -85
11981 1616113796160 -87
11982 1616113796254 -83
11983 1616113796348 -85
11984 1616113796442 -86
11985 1616113796536 -85
11986 1616113796634 -83
11987 1616113796728 -83
11988 1616113796822 -81
11989 1616113796916 -84
11990 1616113797010 -85
11991 1616113797104 -83
11992 1616113797198 -85
11993 1616113797292 -86
11994 1616113797386 -81
11995 1616113797480 -84
11996 1616113797574 -84
11997 1616113797668 -83
11998 1616113797762 -85
11999 1616113797852 -83
12000 1616113797946 -84
12001 1616113798040 -87
12002 1616113798134 -85
12003 1616113798228 -85
12004 1616113798322 -83
12005 1616113798416 -86
12006 1616113798510 -84
12007 1616113798604 -85
12008 1616113798698 -85
12009 1616113798792 -87
12010 1616113798886 -88
12011 1616113798980 -84
12012 1616113799071 -82
12013 1616113799165 -85
12014 1616113799259 -83
12015 1616113799353 -83
12016 1616113799447 -84
12017 1616113799541 -87
12018 1616113799635 -84
12019 1616113799729 -82
12020 1616113799823 -85
12021 1616113799917 -84
12022 1616113800011 -83
12023 1616113800105 -82
12024 1616113800199 -84
12025 1616113800288 -84
12026 1616113800383 -82
12027 1616113800478 -84
12028 1616113800573 -86
12029 1616113800668 -84
12030 1616113800763 -82
12031 1616113800858 -83
12032 1616113800953 -83
12033 1616113801048 -84
12034 1616113801143 -84
12035 1616113801238 -82
12036 1616113801333 -82
12037 1616113801428 -84
12038 1616113801526 -80
12039 1616113801620 -81
12040 1616113801714 -82
12041 1616113801808 -82
12042 1616113801902 -82
12043 1616113801996 -81
12044 1616113802090 -82
12045 1616113802184 -80
12046 1616113802278 -83
12047 1616113802372 -81
12048 1616113802466 -81
12049 1616113802560 -79
12050 1616113802654 -78
12051 1616113802743 -80
12052 1616113802837 -79
12053 1616113802931 -79
12054 1616113803025 -79
12055 1616113803119 -77
12056 1616113803213 -78
12057 1616113803307 -78
12058 1616113803401 -78
12059 1616113803495 -74
12060 1616113803589 -75
12061 1616113803683 -77
12062 1616113803777 -76
12063 1616113803871 -75
12064 1616113803961 -76
12065 1616113804056 -72
12066 1616113804151 -76
12067 1616113804246 -77
12068 1616113804341 -81
12069 1616113804436 -93
12070 1616113804531 -98
12071 1616113804626 -89
12072 1616113804721 -33
12073 1616113804816 40
12074 1616113804911 12
12075 1616113805006 -5
12076 1616113805101 40
12077 1616113805195 -140
12078 1616113805290 -275
12079 1616113805385 -104
12080 1616113805480 -192
12081 1616113805575 -187
12082 1616113805670 -143
12083 1616113805765 -133
12084 1616113805860 -37
12085 1616113805955 -45
12086 1616113806050 -68
12087 1616113806145 -77
12088 1616113806240 -79
12089 1616113806335 -82
12090 1616113806431 -84
12091 1616113806525 -85
12092 1616113806619 -81
12093 1616113806713 -83
12094 1616113806807 -82
12095 1616113806901 -85
12096 1616113806995 -84
12097 1616113807089 -82
12098 1616113807183 -82
12099 1616113807277 -83
12100 1616113807371 -87
12101 1616113807465 -82
12102 1616113807559 -84
12103 1616113807651 -85
12104 1616113807745 -80
12105 1616113807839 -84
12106 1616113807933 -88
12107 1616113808027 -82
12108 1616113808121 -86
12109 1616113808215 -85
12110 1616113808309 -85
12111 1616113808403 -83
12112 1616113808497 -83
12113 1616113808591 -84
12114 1616113808685 -82
12115 1616113808779 -84
12116 1616113808867 -82
12117 1616113808961 -86
12118 1616113809055 -85
12119 1616113809149 -83
12120 1616113809243 -84
12121 1616113809337 -84
12122 1616113809431 -87
12123 1616113809525 -85
12124 1616113809619 -87
12125 1616113809713 -85
12126 1616113809807 -82
12127 1616113809901 -85
12128 1616113809995 -84
12129 1616113810087 -83
12130 1616113810181 -86
12131 1616113810275 -82
