16241 1616114213783 199
16242 1616114213877 195
16243 1616114213971 195
16244 1616114214065 200
16245 1616114214159 196
16246 1616114214253 199
16247 1616114214347 199
16248 1616114214441 193
16249 1616114214535 196
16250 1616114214626 200
16251 1616114214720 205
16252 1616114214814 198
16253 1616114214908 201
16254 1616114215002 200
16255 1616114215096 200
16256 1616114215190 196
16257 1616114215284 199
16258 1616114215378 196
16259 1616114215472 197
16260 1616114215566 198
16261 1616114215660 196
16262 1616114215754 198
16263 1616114215843 196
16264 1616114215937 198
16265 1616114216031 197
16266 1616114216125 198
16267 1616114216219 196
16268 1616114216313 199
16269 1616114216407 200
16270 1616114216501 200
16271 1616114216595 198
16272 1616114216689 199
16273 1616114216783 200
16274 1616114216877 198
16275 1616114216971 195
16276 1616114217063 197
16277 1616114217157 199
16278 1616114217251 199
16279 1616114217345 199
16280 1616114217439 196
16281 1616114217533 198
16282 1616114217627 197
16283 1616114217721 202
16284 1616114217815 199
16285 1616114217909 195
16286 1616114218003 197
16287 1616114218097 198
16288 1616114218191 200
16289 1616114218289 199
16290 1616114218384 200
16291 1616114218479 199
16292 1616114218574 199
16293 1616114218669 200
16294 1616114218764 196
16295 1616114218859 197
16296 1616114218954 199
16297 1616114219049 194
16298 1616114219144 200
16299 1616114219239 200
16300 1616114219334 204
16301 1616114219429 199
16302 1616114219524 198
16303 1616114219618 198
16304 1616114219712 199
16305 1616114219806 200
16306 1616114219900 199
16307 1616114219994 200
16308 1616114220088 200
16309 1616114220182 200
16310 1616114220276 199
16311 1616114220370 199
16312 1616114220464 200
16313 1616114220558 198
16314 1616114220652 197
16315 1616114220742 194
16316 1616114220851 198
16317 1616114220960 200
16318 1616114221069 199
16319 1616114221178 203
16320 1616114221287 199
16321 1616114221396 197
16322 1616114221505 196
16323 1616114221614 195
16324 1616114221723 196
16325 1616114221832 196
16326 1616114221941 194
16327 1616114222050 197
16328 1616114222162 194
16329 1616114222241 193
16330 1616114222320 192
16331 1616114222399 190
16332 1616114222478 186
16333 1616114222557 187
16334 1616114222636 179
16335 1616114222715 179
16336 1616114222794 177
16337 1616114222873 181
16338 1616114222952 182
16339 1616114223031 192
16340 1616114223110 190
16341 1616114223183 192
16342 1616114223277 194
16343 1616114223371 194
16344 1616114223465 196
16345 1616114223559 194
16346 1616114223653 195
16347 1616114223747 196
16348 1616114223841 200
16349 1616114223935 199
16350 1616114224029 194
16351 1616114224123 206
16352 1616114224217 196
16353 1616114224311 200
16354 1616114224401 196
16355 1616114224495 200
16356 1616114224589 199
16357 1616114224683 197
16358 1616114224777 198
16359 1616114224871 195
16360 1616114224965 200
16361 1616114225059 197
16362 1616114225153 197
16363 1616114225247 199
16364 1616114225341 200
16365 1616114225435 198
16366 1616114225529 195
16367 1616114225627 203
16368 1616114225721 200
16369 1616114225815 198
16370 1616114225909 199
16371 1616114226003 200
16372 1616114226097 197
16373 1616114226191 198
16374 1616114226285 200
16375 1616114226379 199
16376 1616114226473 196
16377 1616114226567 198
16378 1616114226661 200
16379 1616114226755 200
16380 1616114226845 197
16381 1616114226939 194
16382 1616114227033 197
16383 1616114227127 197
16384 1616114227221 203
16385 1616114227315 200
16386 1616114227409 195
16387 1616114227503 199
16388 1616114227597 198
16389 1616114227691 197
16390 1616114227785 197
16391 1616114227879 200
16392 1616114227973 198
16393 1616114228063 200
16394 1616114228157 197
16395 1616114228251 197
16396 1616114228345 198
16397 1616114228439 198
16398 1616114228533 200
16399 1616114228627 197
16400 1616114228721 198
16401 1616114228815 198
16402 1616114228909 198
16403 1616114229003 195
16404 1616114229097 199
16405 1616114229191 199
16406 1616114229289 197
16407 1616114229384 194
16408 1616114229479 197
16409 1616114229574 200
16410 1616114229669 198
16411 1616114229764 197
16412 1616114229859 196
16413 1616114229954 198
16414 1616114230049 198
16415 1616114230144 196
16416 1616114230239 199
16417 1616114230334 198
16418 1616114230429 197
16419 1616114230526 198
16420 1616114230620 198
16421 1616114230714 198
16422 1616114230808 196
16423 1616114230902 199
16424 1616114230996 205
16425 1616114231090 197
16426 1616114231184 198
16427 1616114231278 198
16428 1616114231372 199
16429 1616114231466 199
16430 1616114231560 201
16431 1616114231654 198
16432 1616114231742 194
16433 1616114231836 198
16434 1616114231930 199
16435 1616114232024 198
16436 1616114232118 198
16437 1616114232212 199
16438 1616114232306 197
16439 1616114232400 199
16440 1616114232494 199
16441 1616114232588 198
16442 1616114232682 196
16443 1616114232776 200
16444 1616114232870 198
16445 1616114232960 196
16446 1616114233054 197
16447 1616114233148 197
16448 1616114233242 198
16449 1616114233336 199
16450 1616114233430 199
16451 1616114233524 195
16452 1616114233618 201
16453 1616114233712 198
16454 1616114233806 196
16455 1616114233900 197
16456 1616114233994 200
16457 1616114234088 194
16458 1616114234179 198
16459 1616114234274 195
16460 1616114234369 200
16461 1616114234464 196
16462 1616114234559 198
16463 1616114234654 198
16464 1616114234749 198
16465 1616114234844 195
16466 1616114234939 197
16467 1616114235034 198
16468 1616114235129 194
16469 1616114235224 197
16470 1616114235319 194
16471 1616114235408 191
16472 1616114235502 195
16473 1616114235596 192
16474 1616114235690 189
16475 1616114235784 190
16476 1616114235878 185
16477 1616114235972 195
16478 1616114236066 200
16479 1616114236160 205
16480 1616114236254 205
16481 1616114236348 205
16482 1616114236442 203
16483 1616114236536 201
16484 1616114236626 198
16485 1616114236720 197
16486 1616114236814 200
16487 1616114236908 200
16488 1616114237002 197
16489 1616114237096 200
16490 1616114237190 198
16491 1616114237284 194
16492 1616114237378 199
16493 1616114237472 199
16494 1616114237566 198
16495 1616114237660 200
16496 1616114237754 199
16497 1616114237844 200
16498 1616114237938 200
16499 1616114238032 202
16500 1616114238126 196
16501 1616114238220 195
16502 1616114238314 198
16503 1616114238408 199
16504 1616114238502 200
16505 1616114238596 200
16506 1616114238690 200
16507 1616114238784 199
16508 1616114238878 196
16509 1616114238972 198
16510 1616114239063 195
16511 1616114239157 196
16512 1616114239251 200
16513 1616114239345 198
16514 1616114239439 198
16515 1616114239533 200
16516 1616114239627 198
16517 1616114239721 198
16518 1616114239815 198
16519 1616114239909 200
16520 1616114240003 199
16521 1616114240097 198
16522 1616114240191 200
16523 1616114240283 200
16524 1616114240377 198
16525 1616114240471 201
16526 1616114240565 194
16527 1616114240659 197
16528 1616114240753 200
16529 1616114240847 200
16530 1616114240941 198
16531 1616114241035 200
16532 1616114241129 196
16533 1616114241223 199
16534 1616114241317 197
16535 1616114241411 196
16536 1616114241502 200
16537 1616114241596 200
16538 1616114241690 198
16539 1616114241784 196
16540 1616114241878 200
16541 1616114241972 200
16542 1616114242066 199
16543 1616114242160 200
16544 1616114242254 200
