773 1618477134838 380
774 1618477134932 380
775 1618477135026 380
776 1618477135120 378
777 1618477135214 381
778 1618477135308 383
779 1618477135402 378
780 1618477135493 379
781 1618477135588 381
782 1618477135683 378
783 1618477135778 379
784 1618477135873 380
785 1618477135968 380
786 1618477136063 380
787 1618477136158 380
788 1618477136253 379
789 1618477136348 380
790 1618477136443 380
791 1618477136538 377
792 1618477136633 380
793 1618477136724 380
794 1618477136818 381
795 1618477136912 379
796 1618477137006 382
797 1618477137100 380
798 1618477137194 378
799 1618477137288 378
800 1618477137382 379
801 1618477137476 380
802 1618477137570 382
803 1618477137664 380
804 1618477137758 380
805 1618477137852 383
806 1618477137942 383
807 1618477138036 379
808 1618477138130 380
809 1618477138224 381
810 1618477138318 383
811 1618477138412 383
812 1618477138506 385
813 1618477138600 383
814 1618477138694 386
815 1618477138788 390
816 1618477138882 398
817 1618477138976 413
818 1618477139070 455
819 1618477139159 464
820 1618477139253 450
821 1618477139347 312
822 1618477139441 295
823 1618477139535 333
824 1618477139629 390
825 1618477139723 402
826 1618477139817 334
827 1618477139911 357
828 1618477140005 323
829 1618477140099 357
830 1618477140193 368
831 1618477140287 373
832 1618477140380 375
833 1618477140474 377
834 1618477140568 379
835 1618477140662 379
836 1618477140756 375
837 1618477140850 378
838 1618477140944 379
839 1618477141038 380
840 1618477141132 375
841 1618477141226 377
842 1618477141320 379
843 1618477141414 376
844 1618477141508 381
845 1618477141599 380
846 1618477141693 379
847 1618477141787 378
848 1618477141881 382
849 1618477141975 382
850 1618477142069 380
851 1618477142163 380
852 1618477142257 376
853 1618477142351 380
854 1618477142445 380
855 1618477142539 378
856 1618477142633 380
857 1618477142727 380
858 1618477142817 380
859 1618477142911 378
860 1618477143005 380
861 1618477143099 379
862 1618477143193 379
863 1618477143287 380
864 1618477143381 385
865 1618477143475 380
866 1618477143569 380
867 1618477143663 376
868 1618477143757 381
869 1618477143851 382
870 1618477143945 380
871 1618477144040 379
872 1618477144134 380
873 1618477144228 376
874 1618477144322 378
875 1618477144416 378
876 1618477144510 380
877 1618477144604 377
878 1618477144698 379
879 1618477144792 378
880 1618477144886 380
881 1618477144980 378
882 1618477145074 379
883 1618477145168 381
884 1618477145257 379
885 1618477145351 378
886 1618477145445 382
887 1618477145539 378
888 1618477145633 379
889 1618477145727 375
890 1618477145821 381
891 1618477145915 380
892 1618477146009 378
893 1618477146103 378
894 1618477146197 379
895 1618477146291 377
896 1618477146385 374
897 1618477146475 376
898 1618477146569 376
899 1618477146663 378
900 1618477146757 376
901 1618477146851 375
902 1618477146945 382
903 1618477147039 373
904 1618477147133 373
905 1618477147227 372
906 1618477147321 370
907 1618477147415 365
908 1618477147509 350
909 1618477147603 332
910 1618477147695 309
911 1618477147789 339
912 1618477147883 351
913 1618477147977 333
914 1618477148071 381
915 1618477148165 407
916 1618477148259 385
917 1618477148353 355
918 1618477148447 342
919 1618477148541 316
920 1618477148635 284
921 1618477148729 276
922 1618477148823 276
923 1618477148913 428
924 1618477149007 469
925 1618477149101 477
926 1618477149195 462
927 1618477149289 449
928 1618477149383 433
929 1618477149477 414
930 1618477149571 402
931 1618477149665 400
932 1618477149759 394
933 1618477149853 389
934 1618477149947 386
935 1618477150041 386
936 1618477150131 388
937 1618477150225 383
938 1618477150319 380
939 1618477150413 381
940 1618477150507 381
941 1618477150601 380
942 1618477150695 380
943 1618477150789 379
944 1618477150883 383
945 1618477150977 379
946 1618477151071 381
947 1618477151165 380
948 1618477151259 380
949 1618477151349 380
950 1618477151443 381
951 1618477151537 379
952 1618477151631 380
953 1618477151725 378
954 1618477151819 380
955 1618477151913 382
956 1618477152007 377
957 1618477152101 380
958 1618477152195 380
959 1618477152289 377
960 1618477152383 380
961 1618477152477 378
962 1618477152568 381
963 1618477152662 379
