5664 1616035578864 176
5665 1616035578958 179
5666 1616035579052 177
5667 1616035579146 177
5668 1616035579235 180
5669 1616035579329 177
5670 1616035579423 177
5671 1616035579517 180
5672 1616035579611 178
5673 1616035579705 179
5674 1616035579799 176
5675 1616035579893 180
5676 1616035579987 180
5677 1616035580081 178
5678 1616035580175 180
5679 1616035580269 178
5680 1616035580363 180
5681 1616035580455 178
5682 1616035580549 180
5683 1616035580643 176
5684 1616035580737 177
5685 1616035580831 178
5686 1616035580925 177
5687 1616035581019 175
5688 1616035581113 180
5689 1616035581207 182
5690 1616035581301 176
5691 1616035581395 175
5692 1616035581489 179
5693 1616035581583 178
5694 1616035581674 179
5695 1616035581768 180
5696 1616035581862 176
5697 1616035581956 178
5698 1616035582050 177
5699 1616035582144 175
5700 1616035582238 177
5701 1616035582332 176
5702 1616035582426 175
5703 1616035582520 172
5704 1616035582614 172
5705 1616035582708 172
5706 1616035582802 169
5707 1616035582893 167
5708 1616035582987 159
5709 1616035583081 157
5710 1616035583175 148
5711 1616035583269 140
5712 1616035583363 133
5713 1616035583457 143
5714 1616035583551 167
5715 1616035583645 201
5716 1616035583739 237
5717 1616035583833 266
5718 1616035583927 285
5719 1616035584021 300
5720 1616035584115 293
5721 1616035584209 261
5722 1616035584303 224
5723 1616035584397 190
5724 1616035584491 176
5725 1616035584585 175
5726 1616035584679 172
5727 1616035584773 172
5728 1616035584867 167
5729 1616035584961 171
5730 1616035585055 170
5731 1616035585149 171
5732 1616035585243 170
5733 1616035585337 174
5734 1616035585431 171
5735 1616035585525 172
5736 1616035585619 175
5737 1616035585713 175
5738 1616035585807 175
5739 1616035585901 175
5740 1616035585995 175
5741 1616035586089 176
5742 1616035586183 175
5743 1616035586277 177
5744 1616035586371 177
5745 1616035586465 176
5746 1616035586557 177
5747 1616035586651 179
5748 1616035586745 178
5749 1616035586839 175
5750 1616035586933 177
5751 1616035587027 180
5752 1616035587121 177
5753 1616035587215 181
5754 1616035587309 178
5755 1616035587403 179
5756 1616035587497 176
5757 1616035587591 178
5758 1616035587685 180
5759 1616035587776 179
5760 1616035587870 180
5761 1616035587964 180
5762 1616035588058 180
5763 1616035588152 178
5764 1616035588246 178
5765 1616035588340 176
5766 1616035588434 177
5767 1616035588528 176
5768 1616035588622 180
5769 1616035588716 180
5770 1616035588810 178
5771 1616035588904 176
5772 1616035588994 179
5773 1616035589089 179
5774 1616035589184 177
5775 1616035589279 181
5776 1616035589374 178
5777 1616035589469 178
5778 1616035589564 177
5779 1616035589659 177
5780 1616035589754 180
5781 1616035589849 175
5782 1616035589944 178
5783 1616035590039 175
5784 1616035590134 180
5785 1616035590230 177
5786 1616035590324 176
5787 1616035590418 180
5788 1616035590512 180
5789 1616035590606 179
5790 1616035590700 179
5791 1616035590794 177
5792 1616035590888 181
5793 1616035590982 178
5794 1616035591076 180
5795 1616035591170 180
5796 1616035591264 178
5797 1616035591358 180
5798 1616035591449 180
5799 1616035591543 180
5800 1616035591637 178
5801 1616035591731 176
5802 1616035591825 179
5803 1616035591919 177
5804 1616035592013 179
5805 1616035592107 180
5806 1616035592201 178
5807 1616035592295 178
5808 1616035592389 180
5809 1616035592483 179
5810 1616035592577 179
5811 1616035592665 181
5812 1616035592760 176
5813 1616035592855 180
5814 1616035592950 178
5815 1616035593045 179
5816 1616035593140 180
5817 1616035593235 178
5818 1616035593330 179
5819 1616035593425 178
5820 1616035593520 177
5821 1616035593615 179
5822 1616035593710 176
5823 1616035593805 180
5824 1616035593899 178
5825 1616035593994 178
5826 1616035594089 180
5827 1616035594184 176
5828 1616035594279 178
5829 1616035594374 179
5830 1616035594469 178
5831 1616035594564 180
5832 1616035594659 179
5833 1616035594754 181
5834 1616035594849 172
5835 1616035594944 179
5836 1616035595039 179
5837 1616035595134 177
5838 1616035595228 175
5839 1616035595322 179
5840 1616035595416 180
5841 1616035595510 179
5842 1616035595604 178
5843 1616035595698 179
5844 1616035595792 179
5845 1616035595886 179
5846 1616035595980 179
5847 1616035596074 177
5848 1616035596168 179
5849 1616035596262 179
5850 1616035596353 179
5851 1616035596447 179
5852 1616035596541 180
5853 1616035596635 178
5854 1616035596729 176
5855 1616035596823 179
5856 1616035596917 176
5857 1616035597011 176
5858 1616035597105 180
5859 1616035597199 178
5860 1616035597293 177
5861 1616035597387 180
5862 1616035597481 179
5863 1616035597574 179
5864 1616035597668 177
5865 1616035597762 180
5866 1616035597856 179
5867 1616035597950 178
5868 1616035598044 180
5869 1616035598138 178
5870 1616035598232 178
5871 1616035598326 180
5872 1616035598420 180
5873 1616035598514 177
5874 1616035598608 180
5875 1616035598702 176
5876 1616035598799 177
5877 1616035598893 179
5878 1616035598987 178
5879 1616035599081 178
5880 1616035599175 179
5881 1616035599269 180
5882 1616035599363 178
5883 1616035599457 179
5884 1616035599551 180
5885 1616035599645 181
5886 1616035599739 179
5887 1616035599833 178
5888 1616035599927 180
5889 1616035600017 180
5890 1616035600111 181
5891 1616035600205 179
5892 1616035600299 176
5893 1616035600393 178
5894 1616035600487 178
5895 1616035600581 177
5896 1616035600675 178
5897 1616035600769 177
5898 1616035600863 180
5899 1616035600957 179
5900 1616035601051 178
5901 1616035601145 179
5902 1616035601236 175
5903 1616035601330 179
5904 1616035601424 180
5905 1616035601518 179
5906 1616035601612 180
5907 1616035601706 177
5908 1616035601800 183
5909 1616035601894 179
5910 1616035601988 177
5911 1616035602082 176
5912 1616035602176 176
5913 1616035602270 179
5914 1616035602364 178
5915 1616035602454 179
5916 1616035602548 180
5917 1616035602642 178
5918 1616035602736 175
5919 1616035602830 179
5920 1616035602924 180
5921 1616035603018 177
5922 1616035603112 179
5923 1616035603206 178
5924 1616035603300 177
5925 1616035603394 180
5926 1616035603488 180
5927 1616035603582 175
5928 1616035603673 176
5929 1616035603767 177
5930 1616035603861 180
5931 1616035603955 177
5932 1616035604049 176
5933 1616035604143 178
5934 1616035604237 178
5935 1616035604331 180
5936 1616035604425 178
5937 1616035604519 179
5938 1616035604613 178
5939 1616035604707 179
5940 1616035604801 175
5941 1616035604892 178
5942 1616035604986 178
5943 1616035605080 177
5944 1616035605174 178
5945 1616035605268 177
5946 1616035605362 180
5947 1616035605456 177
5948 1616035605550 179
5949 1616035605644 177
5950 1616035605738 175
5951 1616035605832 176
5952 1616035605926 177
5953 1616035606020 174
5954 1616035606112 175
5955 1616035606206 177
5956 1616035606300 172
5957 1616035606394 177
5958 1616035606488 175
5959 1616035606582 179
5960 1616035606676 176
5961 1616035606770 175
5962 1616035606864 176
5963 1616035606958 172
5964 1616035607052 172
5965 1616035607146 172
5966 1616035607240 172
5967 1616035607332 172
5968 1616035607426 172
5969 1616035607520 168
5970 1616035607614 170
5971 1616035607708 168
5972 1616035607802 174
5973 1616035607896 174
5974 1616035607990 175
5975 1616035608084 174
5976 1616035608178 176
5977 1616035608272 186
5978 1616035608366 202
5979 1616035608460 241
5980 1616035608550 252
5981 1616035608644 275
5982 1616035608738 282
5983 1616035608832 282
5984 1616035608926 271
5985 1616035609020 255
5986 1616035609114 241
5987 1616035609208 215
5988 1616035609302 193
5989 1616035609396 170
5990 1616035609490 150
5991 1616035609584 140
5992 1616035609678 142
5993 1616035609770 144
5994 1616035609864 151
5995 1616035609958 157
5996 1616035610052 161
5997 1616035610146 167
5998 1616035610240 163
5999 1616035610334 168
6000 1616035610428 169
6001 1616035610522 174
6002 1616035610616 172
6003 1616035610710 172
6004 1616035610804 177
6005 1616035610898 175
6006 1616035610997 177
6007 1616035611092 175
6008 1616035611187 175
6009 1616035611282 176
6010 1616035611377 175
6011 1616035611472 179
6012 1616035611567 176
6013 1616035611662 177
6014 1616035611757 176
6015 1616035611852 178
6016 1616035611947 178
6017 1616035612042 180
6018 1616035612137 176
6019 1616035612230 179
6020 1616035612324 177
6021 1616035612418 179
6022 1616035612512 180
6023 1616035612606 179
6024 1616035612700 179
6025 1616035612794 178
6026 1616035612888 181
6027 1616035612982 176
6028 1616035613076 178
6029 1616035613170 176
6030 1616035613264 178
6031 1616035613358 181
6032 1616035613449 179
6033 1616035613543 180
6034 1616035613637 177
6035 1616035613731 180
6036 1616035613825 178
6037 1616035613919 178
6038 1616035614013 178
