19573 1616114529179 -329
19574 1616114529273 -327
19575 1616114529367 -327
19576 1616114529461 -326
19577 1616114529555 -327
19578 1616114529645 -324
19579 1616114529739 -326
19580 1616114529833 -325
19581 1616114529927 -330
19582 1616114530021 -323
19583 1616114530115 -331
19584 1616114530209 -329
19585 1616114530303 -328
19586 1616114530397 -327
19587 1616114530491 -325
19588 1616114530585 -328
19589 1616114530679 -325
19590 1616114530773 -322
19591 1616114530866 -326
19592 1616114530960 -327
19593 1616114531054 -326
19594 1616114531148 -327
19595 1616114531242 -332
19596 1616114531336 -329
19597 1616114531430 -327
19598 1616114531524 -326
19599 1616114531618 -325
19600 1616114531712 -328
19601 1616114531806 -324
19602 1616114531900 -327
19603 1616114531994 -328
19604 1616114532084 -328
19605 1616114532178 -324
19606 1616114532272 -328
19607 1616114532366 -328
19608 1616114532460 -330
19609 1616114532554 -329
19610 1616114532648 -330
19611 1616114532742 -334
19612 1616114532836 -331
19613 1616114532930 -335
19614 1616114533024 -340
19615 1616114533118 -344
19616 1616114533212 -349
19617 1616114533303 -350
19618 1616114533397 -354
19619 1616114533491 -359
19620 1616114533585 -360
19621 1616114533679 -355
19622 1616114533773 -347
19623 1616114533867 -336
19624 1616114533961 -317
19625 1616114534055 -299
19626 1616114534149 -290
19627 1616114534243 -292
19628 1616114534337 -294
19629 1616114534431 -302
19630 1616114534521 -306
19631 1616114534615 -313
19632 1616114534709 -317
19633 1616114534803 -319
19634 1616114534897 -320
19635 1616114534991 -324
19636 1616114535085 -325
19637 1616114535179 -325
19638 1616114535273 -325
19639 1616114535367 -322
19640 1616114535461 -325
19641 1616114535555 -327
19642 1616114535649 -327
19643 1616114535741 -324
19644 1616114535835 -325
19645 1616114535929 -325
19646 1616114536023 -324
19647 1616114536117 -323
19648 1616114536211 -327
19649 1616114536305 -326
19650 1616114536399 -325
19651 1616114536493 -328
19652 1616114536587 -327
19653 1616114536681 -327
19654 1616114536775 -320
19655 1616114536869 -330
19656 1616114536960 -323
19657 1616114537054 -328
19658 1616114537148 -327
19659 1616114537242 -327
19660 1616114537336 -325
19661 1616114537430 -329
19662 1616114537524 -325
19663 1616114537618 -326
19664 1616114537712 -325
19665 1616114537806 -324
19666 1616114537900 -327
19667 1616114537994 -325
19668 1616114538088 -328
19669 1616114538177 -327
19670 1616114538271 -322
19671 1616114538365 -327
19672 1616114538459 -327
19673 1616114538553 -326
19674 1616114538647 -327
19675 1616114538741 -326
19676 1616114538835 -327
19677 1616114538929 -326
19678 1616114539023 -325
19679 1616114539117 -327
19680 1616114539211 -326
19681 1616114539305 -325
19682 1616114539401 -326
19683 1616114539495 -324
19684 1616114539589 -325
19685 1616114539683 -327
19686 1616114539777 -318
19687 1616114539871 -320
19688 1616114539965 -327
19689 1616114540059 -327
19690 1616114540153 -329
19691 1616114540247 -323
19692 1616114540341 -328
19693 1616114540435 -325
19694 1616114540529 -324
19695 1616114540617 -327
19696 1616114540711 -327
19697 1616114540805 -326
19698 1616114540899 -325
19699 1616114540993 -327
19700 1616114541087 -326
19701 1616114541181 -326
19702 1616114541275 -323
19703 1616114541369 -325
19704 1616114541463 -326
19705 1616114541557 -326
19706 1616114541651 -325
19707 1616114541745 -325
19708 1616114541834 -327
19709 1616114541928 -328
19710 1616114542022 -326
19711 1616114542116 -325
19712 1616114542210 -326
19713 1616114542304 -327
19714 1616114542398 -327
19715 1616114542492 -326
19716 1616114542586 -325
19717 1616114542680 -327
19718 1616114542774 -323
19719 1616114542868 -326
19720 1616114542962 -327
19721 1616114543053 -328
19722 1616114543147 -328
19723 1616114543241 -327
19724 1616114543335 -325
19725 1616114543429 -329
19726 1616114543523 -326
19727 1616114543617 -327
19728 1616114543711 -327
19729 1616114543805 -326
19730 1616114543899 -327
19731 1616114543993 -327
19732 1616114544087 -325
19733 1616114544181 -326
19734 1616114544274 -327
19735 1616114544369 -326
19736 1616114544464 -327
19737 1616114544559 -326
19738 1616114544654 -325
19739 1616114544749 -324
19740 1616114544844 -326
19741 1616114544939 -326
19742 1616114545034 -326
19743 1616114545129 -327
19744 1616114545224 -323
19745 1616114545319 -325
19746 1616114545414 -327
19747 1616114545505 -327
19748 1616114545599 -325
19749 1616114545693 -325
19750 1616114545787 -327
19751 1616114545881 -326
19752 1616114545975 -326
19753 1616114546069 -326
19754 1616114546163 -326
19755 1616114546257 -325
19756 1616114546351 -326
19757 1616114546445 -326
19758 1616114546539 -328
19759 1616114546633 -327
19760 1616114546725 -325
19761 1616114546820 -326
19762 1616114546915 -325
19763 1616114547010 -327
19764 1616114547105 -326
19765 1616114547200 -327
19766 1616114547295 -326
19767 1616114547390 -323
19768 1616114547485 -324
19769 1616114547580 -327
19770 1616114547675 -325
19771 1616114547770 -326
19772 1616114547865 -329
19773 1616114547961 -332
19774 1616114548055 -342
19775 1616114548149 -347
19776 1616114548243 -347
19777 1616114548337 -351
19778 1616114548431 -353
19779 1616114548525 -345
19780 1616114548619 -343
19781 1616114548713 -354
19782 1616114548807 -355
19783 1616114548901 -339
19784 1616114548995 -326
19785 1616114549089 -320
19786 1616114549180 -323
19787 1616114549275 -320
19788 1616114549370 -323
19789 1616114549465 -321
19790 1616114549560 -326
19791 1616114549655 -325
19792 1616114549750 -324
19793 1616114549845 -326
19794 1616114549940 -325
19795 1616114550035 -328
19796 1616114550130 -325
19797 1616114550225 -329
19798 1616114550320 -329
19799 1616114550414 -327
19800 1616114550508 -326
19801 1616114550602 -326
19802 1616114550696 -327
19803 1616114550790 -327
19804 1616114550884 -327
19805 1616114550978 -326
19806 1616114551072 -327
19807 1616114551166 -326
19808 1616114551260 -324
19809 1616114551354 -328
19810 1616114551448 -326
19811 1616114551542 -328
19812 1616114551632 -326
19813 1616114551727 -326
19814 1616114551822 -327
19815 1616114551917 -327
19816 1616114552012 -325
19817 1616114552107 -327
19818 1616114552202 -326
19819 1616114552297 -325
19820 1616114552392 -329
19821 1616114552487 -327
19822 1616114552582 -325
19823 1616114552677 -324
19824 1616114552772 -327
19825 1616114552865 -327
19826 1616114552959 -327
19827 1616114553053 -326
19828 1616114553147 -328
19829 1616114553241 -325
19830 1616114553335 -325
19831 1616114553429 -326
19832 1616114553523 -327
19833 1616114553617 -324
19834 1616114553711 -327
19835 1616114553805 -327
19836 1616114553899 -327
19837 1616114553993 -327
19838 1616114554085 -328
19839 1616114554179 -328
19840 1616114554273 -321
19841 1616114554367 -326
19842 1616114554461 -327
19843 1616114554555 -327
19844 1616114554649 -326
19845 1616114554743 -324
19846 1616114554837 -326
19847 1616114554931 -326
19848 1616114555025 -328
19849 1616114555119 -327
19850 1616114555213 -327
19851 1616114555310 -327
19852 1616114555404 -327
19853 1616114555498 -326
19854 1616114555592 -327
19855 1616114555686 -327
19856 1616114555780 -322
19857 1616114555874 -327
19858 1616114555968 -324
19859 1616114556062 -323
19860 1616114556156 -325
19861 1616114556250 -325
19862 1616114556344 -324
19863 1616114556438 -327
19864 1616114556531 -325
19865 1616114556626 -326
19866 1616114556721 -327
19867 1616114556816 -326
19868 1616114556911 -325
19869 1616114557006 -325
