5862 1616113219062 -83
5863 1616113219153 -82
5864 1616113219247 -85
5865 1616113219341 -83
5866 1616113219435 -81
5867 1616113219529 -82
5868 1616113219623 -83
5869 1616113219717 -82
5870 1616113219811 -82
5871 1616113219905 -82
5872 1616113219999 -82
5873 1616113220093 -83
5874 1616113220187 -82
5875 1616113220281 -85
5876 1616113220369 -85
5877 1616113220463 -82
5878 1616113220557 -84
5879 1616113220651 -85
5880 1616113220745 -82
5881 1616113220839 -82
5882 1616113220933 -84
5883 1616113221027 -82
5884 1616113221121 -82
5885 1616113221215 -82
5886 1616113221309 -84
5887 1616113221403 -82
5888 1616113221497 -82
5889 1616113221590 -82
5890 1616113221684 -82
5891 1616113221778 -82
5892 1616113221872 -82
5893 1616113221966 -85
5894 1616113222060 -83
5895 1616113222154 -84
5896 1616113222248 -82
5897 1616113222342 -84
5898 1616113222436 -84
5899 1616113222530 -83
5900 1616113222624 -80
5901 1616113222718 -82
5902 1616113222807 -84
5903 1616113222901 -82
5904 1616113222995 -82
5905 1616113223089 -83
5906 1616113223183 -82
5907 1616113223277 -81
5908 1616113223371 -84
5909 1616113223465 -82
5910 1616113223559 -82
5911 1616113223653 -80
5912 1616113223747 -81
5913 1616113223841 -82
5914 1616113223935 -80
5915 1616113224028 -80
5916 1616113224122 -83
5917 1616113224216 -78
5918 1616113224310 -80
5919 1616113224404 -82
5920 1616113224498 -80
5921 1616113224592 -80
5922 1616113224686 -82
5923 1616113224780 -77
5924 1616113224874 -79
5925 1616113224968 -80
5926 1616113225062 -82
5927 1616113225156 -77
5928 1616113225246 -78
5929 1616113225340 -75
5930 1616113225434 -74
5931 1616113225528 -72
5932 1616113225622 -74
5933 1616113225716 -69
5934 1616113225810 -65
5935 1616113225904 -61
5936 1616113225998 -57
5937 1616113226092 -50
5938 1616113226186 -40
5939 1616113226280 -25
5940 1616113226374 -3
5941 1616113226467 24
5942 1616113226562 60
5943 1616113226657 63
5944 1616113226752 15
5945 1616113226847 -114
5946 1616113226942 -244
5947 1616113227037 -245
5948 1616113227132 -128
5949 1616113227227 -258
5950 1616113227322 -132
5951 1616113227417 4
5952 1616113227512 17
5953 1616113227607 15
5954 1616113227702 100
5955 1616113227796 114
5956 1616113227890 139
5957 1616113227984 30
5958 1616113228078 42
5959 1616113228172 -107
5960 1616113228266 -111
5961 1616113228360 -88
5962 1616113228454 -81
5963 1616113228548 -77
5964 1616113228642 -76
5965 1616113228736 -75
5966 1616113228830 -76
5967 1616113228920 -79
5968 1616113229014 -78
5969 1616113229108 -80
5970 1616113229202 -80
5971 1616113229296 -79
5972 1616113229390 -83
5973 1616113229484 -82
5974 1616113229578 -83
5975 1616113229672 -82
5976 1616113229766 -84
5977 1616113229860 -82
5978 1616113229954 -84
5979 1616113230048 -82
5980 1616113230136 -82
5981 1616113230231 -85
5982 1616113230326 -85
5983 1616113230421 -83
5984 1616113230516 -84
5985 1616113230611 -84
5986 1616113230706 -85
5987 1616113230801 -83
5988 1616113230896 -85
5989 1616113230991 -85
5990 1616113231086 -83
5991 1616113231181 -84
5992 1616113231276 -88
5993 1616113231373 -84
5994 1616113231468 -82
5995 1616113231563 -86
5996 1616113231658 -84
5997 1616113231753 -85
5998 1616113231848 -85
5999 1616113231943 -86
6000 1616113232038 -82
6001 1616113232133 -88
6002 1616113232228 -83
6003 1616113232323 -85
6004 1616113232418 -85
6005 1616113232513 -85
6006 1616113232608 -86
6007 1616113232702 -82
6008 1616113232796 -86
6009 1616113232890 -86
6010 1616113232984 -84
6011 1616113233078 -84
6012 1616113233172 -82
6013 1616113233266 -83
6014 1616113233360 -85
6015 1616113233454 -84
6016 1616113233548 -83
6017 1616113233642 -82
6018 1616113233736 -87
6019 1616113233826 -81
6020 1616113233920 -86
6021 1616113234014 -83
6022 1616113234108 -86
6023 1616113234202 -84
6024 1616113234296 -84
6025 1616113234390 -83
6026 1616113234484 -83
6027 1616113234578 -87
6028 1616113234672 -84
6029 1616113234766 -84
6030 1616113234860 -84
6031 1616113234954 -82
6032 1616113235044 -83
6033 1616113235139 -83
6034 1616113235234 -84
6035 1616113235329 -82
6036 1616113235424 -82
6037 1616113235519 -87
6038 1616113235614 -87
6039 1616113235709 -83
6040 1616113235804 -84
6041 1616113235899 -84
6042 1616113235994 -88
6043 1616113236089 -84
6044 1616113236184 -86
6045 1616113236280 -85
6046 1616113236375 -84
6047 1616113236470 -84
6048 1616113236565 -85
6049 1616113236660 -85
6050 1616113236755 -83
6051 1616113236850 -87
6052 1616113236945 -84
6053 1616113237040 -84
6054 1616113237135 -84
6055 1616113237230 -82
6056 1616113237325 -86
6057 1616113237420 -82
6058 1616113237512 -87
6059 1616113237606 -86
6060 1616113237700 -84
6061 1616113237794 -88
6062 1616113237888 -84
6063 1616113237982 -86
6064 1616113238076 -82
6065 1616113238170 -82
6066 1616113238264 -83
6067 1616113238358 -85
6068 1616113238452 -85
6069 1616113238546 -85
6070 1616113238640 -83
6071 1616113238730 -84
6072 1616113238824 -83
6073 1616113238918 -87
6074 1616113239012 -86
6075 1616113239106 -84
6076 1616113239200 -85
6077 1616113239294 -83
6078 1616113239388 -84
6079 1616113239482 -84
6080 1616113239576 -86
6081 1616113239670 -84
6082 1616113239764 -85
6083 1616113239858 -83
6084 1616113239949 -85
6085 1616113240043 -82
6086 1616113240137 -82
6087 1616113240231 -84
6088 1616113240325 -82
6089 1616113240419 -87
6090 1616113240513 -85
6091 1616113240607 -85
6092 1616113240701 -82
6093 1616113240795 -84
6094 1616113240889 -86
6095 1616113240983 -84
6096 1616113241077 -82
6097 1616113241175 -86
6098 1616113241269 -82
6099 1616113241363 -87
6100 1616113241457 -85
6101 1616113241551 -82
6102 1616113241645 -85
6103 1616113241739 -87
6104 1616113241833 -84
6105 1616113241927 -88
6106 1616113242021 -88
6107 1616113242115 -82
6108 1616113242209 -85
6109 1616113242303 -82
6110 1616113242395 -84
6111 1616113242489 -84
6112 1616113242583 -85
6113 1616113242677 -89
6114 1616113242771 -86
6115 1616113242865 -85
6116 1616113242959 -82
6117 1616113243053 -84
6118 1616113243147 -83
6119 1616113243241 -82
6120 1616113243335 -86
6121 1616113243429 -83
6122 1616113243523 -90
6123 1616113243622 -85
6124 1616113243716 -84
6125 1616113243810 -83
6126 1616113243904 -83
6127 1616113243998 -83
6128 1616113244092 -85
6129 1616113244186 -90
6130 1616113244280 -86
6131 1616113244374 -83
6132 1616113244468 -87
6133 1616113244562 -84
6134 1616113244656 -87
6135 1616113244750 -82
6136 1616113244843 -85
6137 1616113244938 -85
6138 1616113245033 -83
6139 1616113245128 -89
6140 1616113245223 -86
6141 1616113245318 -82
6142 1616113245413 -81
6143 1616113245508 -84
6144 1616113245603 -82
6145 1616113245698 -82
6146 1616113245793 -82
6147 1616113245888 -81
6148 1616113245983 -78
6149 1616113246077 -79
6150 1616113246171 -80
6151 1616113246265 -76
6152 1616113246359 -71
6153 1616113246453 -69
6154 1616113246547 -57
6155 1616113246641 -53
6156 1616113246735 -29
6157 1616113246829 15
6158 1616113246923 81
6159 1616113247017 6
6160 1616113247111 -405
6161 1616113247205 -563
6162 1616113247295 -160
6163 1616113247389 135
6164 1616113247483 263
6165 1616113247577 227
6166 1616113247671 189
6167 1616113247765 -160
6168 1616113247859 -163
6169 1616113247953 -206
6170 1616113248047 -149
6171 1616113248141 -94
6172 1616113248235 -87
6173 1616113248329 -85
6174 1616113248423 -85
6175 1616113248513 -86
6176 1616113248607 -84
6177 1616113248701 -83
6178 1616113248795 -83
6179 1616113248889 -83
6180 1616113248983 -83
6181 1616113249077 -86
6182 1616113249171 -82
6183 1616113249265 -85
6184 1616113249359 -84
6185 1616113249453 -85
6186 1616113249547 -84
6187 1616113249641 -84
6188 1616113249731 -84
6189 1616113249825 -83
6190 1616113249919 -85
6191 1616113250013 -85
6192 1616113250107 -83
6193 1616113250201 -83
6194 1616113250295 -83
6195 1616113250389 -85
6196 1616113250483 -85
6197 1616113250577 -84
6198 1616113250671 -85
6199 1616113250765 -84
6200 1616113250859 -87
6201 1616113250951 -85
6202 1616113251045 -84
6203 1616113251139 -84
6204 1616113251233 -86
6205 1616113251327 -82
6206 1616113251421 -82
6207 1616113251515 -86
6208 1616113251609 -84
6209 1616113251703 -84
6210 1616113251797 -86
6211 1616113251891 -85
6212 1616113251985 -85
6213 1616113252079 -85
6214 1616113252170 -84
6215 1616113252264 -85
6216 1616113252358 -88
6217 1616113252452 -84
6218 1616113252546 -85
6219 1616113252640 -85
6220 1616113252734 -83
6221 1616113252828 -86
6222 1616113252922 -87
6223 1616113253016 -86
6224 1616113253110 -84
6225 1616113253204 -85
6226 1616113253298 -84
6227 1616113253388 -86
6228 1616113253482 -86
6229 1616113253576 -84
6230 1616113253670 -84
6231 1616113253764 -82
6232 1616113253858 -85
6233 1616113253952 -84
