2322 1618476198521 230
2323 1618476198615 230
2324 1618476198709 230
2325 1618476198803 230
2326 1618476198897 228
2327 1618476198988 230
2328 1618476199082 232
2329 1618476199176 233
2330 1618476199270 231
2331 1618476199364 231
2332 1618476199458 230
2333 1618476199552 230
2334 1618476199646 233
2335 1618476199740 230
2336 1618476199834 232
2337 1618476199928 230
2338 1618476200022 228
2339 1618476200116 231
2340 1618476200206 229
2341 1618476200300 230
2342 1618476200394 230
2343 1618476200488 230
2344 1618476200582 230
2345 1618476200676 230
2346 1618476200770 231
2347 1618476200864 230
2348 1618476200958 232
2349 1618476201052 231
2350 1618476201146 230
2351 1618476201240 230
2352 1618476201334 230
2353 1618476201426 232
2354 1618476201520 230
2355 1618476201614 228
2356 1618476201708 230
2357 1618476201802 229
2358 1618476201896 228
2359 1618476201990 232
2360 1618476202084 231
2361 1618476202178 234
2362 1618476202272 235
2363 1618476202366 229
2364 1618476202460 232
2365 1618476202554 230
2366 1618476202643 230
2367 1618476202738 231
2368 1618476202833 233
2369 1618476202928 231
2370 1618476203023 231
2371 1618476203118 233
2372 1618476203213 231
2373 1618476203308 230
2374 1618476203403 230
2375 1618476203498 230
2376 1618476203593 229
2377 1618476203688 234
2378 1618476203783 230
2379 1618476203872 231
2380 1618476203966 232
2381 1618476204060 231
2382 1618476204154 237
2383 1618476204248 232
2384 1618476204342 230
2385 1618476204436 230
2386 1618476204530 230
2387 1618476204624 230
2388 1618476204718 231
2389 1618476204812 230
2390 1618476204906 230
2391 1618476205000 233
2392 1618476205090 233
2393 1618476205185 234
2394 1618476205280 240
2395 1618476205375 247
2396 1618476205470 252
2397 1618476205565 300
2398 1618476205660 512
2399 1618476205755 380
2400 1618476205850 324
2401 1618476205945 625
2402 1618476206040 432
2403 1618476206135 344
2404 1618476206230 256
2405 1618476206324 316
2406 1618476206418 433
2407 1618476206512 303
2408 1618476206606 184
2409 1618476206700 160
2410 1618476206794 4
2411 1618476206888 -32
2412 1618476206982 18
2413 1618476207076 95
2414 1618476207170 137
2415 1618476207264 170
2416 1618476207358 191
2417 1618476207452 203
2418 1618476207543 212
2419 1618476207638 215
2420 1618476207733 221
2421 1618476207828 223
2422 1618476207923 226
2423 1618476208018 222
2424 1618476208113 224
2425 1618476208208 222
2426 1618476208303 227
2427 1618476208398 228
2428 1618476208493 230
2429 1618476208588 227
2430 1618476208683 227
2431 1618476208777 229
2432 1618476208871 229
2433 1618476208965 231
2434 1618476209059 230
2435 1618476209153 229
2436 1618476209247 230
2437 1618476209341 230
2438 1618476209435 230
2439 1618476209529 232
2440 1618476209623 228
2441 1618476209717 227
2442 1618476209811 228
2443 1618476209905 230
2444 1618476209996 230
2445 1618476210091 230
2446 1618476210186 230
2447 1618476210281 236
2448 1618476210376 230
2449 1618476210471 230
2450 1618476210566 230
2451 1618476210661 231
2452 1618476210756 230
2453 1618476210851 229
2454 1618476210946 229
2455 1618476211041 230
2456 1618476211136 230
2457 1618476211230 230
2458 1618476211324 230
2459 1618476211418 232
2460 1618476211512 230
2461 1618476211606 230
2462 1618476211700 230
2463 1618476211794 231
2464 1618476211888 233
2465 1618476211982 231
2466 1618476212076 236
2467 1618476212170 233
2468 1618476212264 229
2469 1618476212358 228
2470 1618476212452 230
2471 1618476212547 232
2472 1618476212642 229
2473 1618476212737 233
2474 1618476212832 232
2475 1618476212927 232
2476 1618476213022 230
2477 1618476213117 231
2478 1618476213212 230
2479 1618476213307 230
2480 1618476213402 231
2481 1618476213497 230
2482 1618476213592 235
2483 1618476213687 229
2484 1618476213780 229
2485 1618476213873 230
2486 1618476213966 230
2487 1618476214059 230
2488 1618476214152 230
2489 1618476214245 230
2490 1618476214338 230
2491 1618476214431 228
2492 1618476214524 230
2493 1618476214617 231
2494 1618476214710 229
2495 1618476214803 232
2496 1618476214902 232
2497 1618476214997 228
2498 1618476215092 232
2499 1618476215187 230
2500 1618476215282 233
2501 1618476215377 231
2502 1618476215472 230
2503 1618476215567 230
2504 1618476215662 230
2505 1618476215757 230
2506 1618476215852 230
2507 1618476215947 230
2508 1618476216042 230
2509 1618476216137 230
2510 1618476216231 230
2511 1618476216325 232
2512 1618476216419 230
2513 1618476216513 230
2514 1618476216607 231
2515 1618476216701 233
2516 1618476216795 230
2517 1618476216889 230
2518 1618476216983 230
2519 1618476217077 237
2520 1618476217171 230
2521 1618476217265 229
2522 1618476217358 232
2523 1618476217452 230
2524 1618476217546 230
2525 1618476217640 230
2526 1618476217734 231
2527 1618476217828 230
2528 1618476217922 229
2529 1618476218016 229
2530 1618476218110 231
2531 1618476218204 230
2532 1618476218298 226
2533 1618476218392 230
2534 1618476218486 231
2535 1618476218581 235
2536 1618476218675 230
2537 1618476218769 232
2538 1618476218863 231
2539 1618476218957 233
2540 1618476219051 229
2541 1618476219145 230
2542 1618476219239 226
2543 1618476219333 232
2544 1618476219427 230
2545 1618476219521 230
2546 1618476219615 227
2547 1618476219709 230
2548 1618476219802 229
2549 1618476219896 229
2550 1618476219990 228
2551 1618476220084 230
2552 1618476220178 232
2553 1618476220272 227
2554 1618476220366 228
2555 1618476220460 230
2556 1618476220554 229
2557 1618476220648 230
2558 1618476220742 230
2559 1618476220836 230
2560 1618476220930 228
2561 1618476221019 230
2562 1618476221113 229
2563 1618476221207 226
2564 1618476221301 227
2565 1618476221395 229
2566 1618476221489 227
2567 1618476221583 224
2568 1618476221677 231
2569 1618476221771 222
2570 1618476221865 223
2571 1618476221959 223
2572 1618476222053 224
2573 1618476222147 222
2574 1618476222237 219
2575 1618476222331 216
2576 1618476222425 212
2577 1618476222519 210
2578 1618476222613 205
2579 1618476222707 198
2580 1618476222801 191
2581 1618476222895 162
2582 1618476222989 158
2583 1618476223083 139
2584 1618476223177 118
2585 1618476223271 75
2586 1618476223365 53
2587 1618476223456 45
2588 1618476223551 22
2589 1618476223646 0
2590 1618476223741 190
2591 1618476223836 175
2592 1618476223931 195
2593 1618476224026 177
2594 1618476224121 195
2595 1618476224216 210
2596 1618476224311 269
2597 1618476224406 226
2598 1618476224501 184
2599 1618476224596 144
2600 1618476224686 246
2601 1618476224780 375
2602 1618476224874 496
2603 1618476224968 652
2604 1618476225062 345
2605 1618476225156 218
2606 1618476225250 205
2607 1618476225344 331
2608 1618476225438 455
2609 1618476225532 348
2610 1618476225626 292
2611 1618476225720 270
2612 1618476225814 257
2613 1618476225903 249
2614 1618476225998 247
2615 1618476226093 240
2616 1618476226188 237
2617 1618476226283 234
2618 1618476226378 230
2619 1618476226473 231
2620 1618476226568 231
2621 1618476226663 230
2622 1618476226758 231
2623 1618476226853 235
2624 1618476226948 233
2625 1618476227043 230
2626 1618476227138 235
2627 1618476227232 231
2628 1618476227326 230
2629 1618476227420 230
2630 1618476227514 235
2631 1618476227608 232
2632 1618476227702 230
2633 1618476227796 229
2634 1618476227890 230
2635 1618476227984 230
2636 1618476228078 232
2637 1618476228172 234
2638 1618476228266 231
2639 1618476228357 230
2640 1618476228451 230
2641 1618476228545 232
2642 1618476228639 230
2643 1618476228733 230
2644 1618476228827 230
2645 1618476228921 230
2646 1618476229015 236
2647 1618476229109 230
2648 1618476229203 230
2649 1618476229297 232
2650 1618476229391 235
2651 1618476229485 235
2652 1618476229574 230
2653 1618476229668 231
2654 1618476229762 230
2655 1618476229856 231
2656 1618476229950 231
2657 1618476230044 231
2658 1618476230138 230
2659 1618476230232 230
2660 1618476230326 230
2661 1618476230420 229
2662 1618476230514 236
2663 1618476230608 230
2664 1618476230702 230
2665 1618476230795 232
2666 1618476230889 229
2667 1618476230983 231
2668 1618476231077 231
2669 1618476231171 230
2670 1618476231265 231
2671 1618476231359 229
2672 1618476231453 234
2673 1618476231547 230
2674 1618476231641 229
2675 1618476231735 230
2676 1618476231829 226
2677 1618476231923 230
2678 1618476232011 236
2679 1618476232105 231
2680 1618476232199 233
2681 1618476232293 226
2682 1618476232387 230
2683 1618476232481 228
2684 1618476232575 236
2685 1618476232669 233
2686 1618476232763 230
2687 1618476232857 230
2688 1618476232951 230
2689 1618476233045 229
2690 1618476233139 231
2691 1618476233230 230
2692 1618476233324 235
2693 1618476233418 230
2694 1618476233512 230
2695 1618476233606 230
2696 1618476233700 230
2697 1618476233794 230
2698 1618476233888 233
2699 1618476233982 229
