8046 1616113424328 -519
8047 1616113424423 -518
8048 1616113424517 -513
8049 1616113424611 -517
8050 1616113424705 -515
8051 1616113424799 -515
8052 1616113424893 -511
8053 1616113424987 -518
8054 1616113425081 -515
8055 1616113425175 -517
8056 1616113425269 -515
8057 1616113425363 -515
8058 1616113425457 -515
8059 1616113425551 -517
8060 1616113425642 -517
8061 1616113425737 -517
8062 1616113425832 -517
8063 1616113425927 -518
8064 1616113426022 -517
8065 1616113426117 -515
8066 1616113426212 -515
8067 1616113426307 -519
8068 1616113426402 -515
8069 1616113426497 -515
8070 1616113426592 -517
8071 1616113426687 -517
8072 1616113426782 -518
8073 1616113426871 -515
8074 1616113426964 -510
8075 1616113427057 -517
8076 1616113427150 -517
8077 1616113427243 -514
8078 1616113427336 -515
8079 1616113427429 -515
8080 1616113427522 -515
8081 1616113427615 -517
8082 1616113427708 -514
8083 1616113427801 -515
8084 1616113427894 -515
8085 1616113427987 -510
8086 1616113428086 -515
8087 1616113428180 -514
8088 1616113428274 -517
8089 1616113428368 -517
8090 1616113428462 -517
8091 1616113428556 -515
8092 1616113428650 -515
8093 1616113428744 -513
8094 1616113428838 -514
8095 1616113428932 -512
8096 1616113429026 -514
8097 1616113429120 -513
8098 1616113429214 -512
8099 1616113429308 -513
8100 1616113429402 -515
8101 1616113429496 -511
8102 1616113429590 -515
8103 1616113429684 -512
8104 1616113429778 -517
8105 1616113429872 -514
8106 1616113429966 -515
8107 1616113430060 -514
8108 1616113430154 -515
8109 1616113430248 -515
8110 1616113430342 -515
8111 1616113430436 -512
8112 1616113430526 -512
8113 1616113430620 -514
8114 1616113430714 -510
8115 1616113430808 -514
8116 1616113430902 -513
8117 1616113430996 -508
8118 1616113431090 -513
8119 1616113431184 -515
8120 1616113431278 -513
8121 1616113431372 -511
8122 1616113431466 -515
8123 1616113431560 -512
8124 1616113431654 -513
8125 1616113431744 -510
8126 1616113431838 -509
8127 1616113431932 -505
8128 1616113432026 -506
8129 1616113432120 -498
8130 1616113432214 -480
8131 1616113432308 -443
8132 1616113432402 -426
8133 1616113432496 -498
8134 1616113432590 -556
8135 1616113432684 -427
8136 1616113432778 -58
8137 1616113432872 -182
8138 1616113432969 -91
8139 1616113433064 -454
8140 1616113433159 -528
8141 1616113433254 -427
8142 1616113433349 -362
8143 1616113433444 -355
8144 1616113433539 -458
8145 1616113433634 -487
8146 1616113433729 -497
8147 1616113433824 -499
8148 1616113433919 -507
8149 1616113434014 -513
8150 1616113434109 -515
8151 1616113434209 -511
8152 1616113434302 -515
8153 1616113434395 -514
8154 1616113434488 -515
8155 1616113434581 -515
8156 1616113434674 -517
8157 1616113434767 -515
8158 1616113434860 -515
8159 1616113434953 -515
8160 1616113435046 -517
8161 1616113435139 -518
8162 1616113435232 -517
8163 1616113435325 -511
8164 1616113435424 -515
8165 1616113435518 -517
8166 1616113435612 -515
8167 1616113435706 -515
8168 1616113435800 -517
8169 1616113435894 -519
8170 1616113435988 -515
8171 1616113436082 -515
8172 1616113436176 -518
8173 1616113436270 -517
8174 1616113436364 -514
8175 1616113436458 -515
8176 1616113436552 -514
8177 1616113436642 -515
8178 1616113436736 -515
8179 1616113436830 -514
8180 1616113436924 -515
8181 1616113437018 -515
8182 1616113437112 -515
8183 1616113437206 -515
8184 1616113437300 -518
8185 1616113437394 -515
8186 1616113437488 -515
8187 1616113437582 -515
8188 1616113437676 -515
8189 1616113437770 -515
8190 1616113437861 -517
8191 1616113437955 -515
8192 1616113438049 -517
8193 1616113438143 -514
8194 1616113438237 -513
8195 1616113438331 -517
8196 1616113438425 -513
8197 1616113438519 -514
8198 1616113438613 -510
8199 1616113438707 -514
8200 1616113438801 -515
8201 1616113438895 -515
8202 1616113438989 -513
8203 1616113439079 -512
8204 1616113439173 -513
8205 1616113439267 -512
8206 1616113439361 -509
8207 1616113439455 -510
8208 1616113439549 -510
8209 1616113439643 -510
8210 1616113439737 -509
8211 1616113439831 -513
8212 1616113439925 -521
8213 1616113440019 -546
8214 1616113440113 -604
8215 1616113440207 -629
8216 1616113440297 -474
8217 1616113440391 -284
8218 1616113440485 -298
8219 1616113440579 -479
8220 1616113440673 -494
8221 1616113440767 -618
8222 1616113440861 -595
8223 1616113440955 -774
8224 1616113441049 -860
8225 1616113441143 -679
8226 1616113441237 -597
8227 1616113441331 -475
8228 1616113441425 -486
8229 1616113441516 -410
8230 1616113441610 -466
8231 1616113441704 -483
8232 1616113441798 -494
8233 1616113441892 -500
8234 1616113441986 -508
8235 1616113442080 -510
8236 1616113442174 -511
8237 1616113442268 -512
8238 1616113442362 -513
8239 1616113442456 -515
8240 1616113442550 -515
8241 1616113442644 -511
8242 1616113442737 -515
8243 1616113442831 -515
8244 1616113442925 -517
8245 1616113443019 -515
8246 1616113443113 -514
8247 1616113443207 -514
8248 1616113443301 -515
8249 1616113443395 -514
8250 1616113443489 -515
8251 1616113443583 -513
8252 1616113443677 -515
8253 1616113443771 -515
8254 1616113443865 -517
8255 1616113443955 -517
8256 1616113444050 -517
8257 1616113444145 -515
8258 1616113444240 -515
8259 1616113444335 -517
8260 1616113444430 -514
8261 1616113444525 -518
8262 1616113444620 -517
8263 1616113444715 -517
8264 1616113444810 -513
8265 1616113444905 -518
8266 1616113445000 -518
8267 1616113445095 -517
8268 1616113445185 -515
8269 1616113445279 -512
8270 1616113445373 -513
8271 1616113445467 -514
8272 1616113445561 -515
8273 1616113445655 -517
8274 1616113445749 -517
8275 1616113445843 -515
8276 1616113445937 -518
8277 1616113446031 -517
8278 1616113446125 -517
8279 1616113446219 -517
8280 1616113446313 -515
8281 1616113446410 -515
8282 1616113446504 -515
8283 1616113446598 -515
