3759 1616113020655 -114
3760 1616113020750 -115
3761 1616113020845 -116
3762 1616113020940 -115
3763 1616113021035 -115
3764 1616113021130 -114
3765 1616113021225 -115
3766 1616113021320 -115
3767 1616113021415 -116
3768 1616113021510 -117
3769 1616113021605 -112
3770 1616113021699 -110
3771 1616113021793 -114
3772 1616113021887 -114
3773 1616113021981 -111
3774 1616113022075 -111
3775 1616113022169 -112
3776 1616113022263 -114
3777 1616113022357 -115
3778 1616113022451 -112
3779 1616113022545 -113
3780 1616113022639 -112
3781 1616113022733 -113
3782 1616113022827 -109
3783 1616113022917 -107
3784 1616113023011 -108
3785 1616113023105 -107
3786 1616113023199 -106
3787 1616113023293 -114
3788 1616113023387 -117
3789 1616113023481 -132
3790 1616113023575 -138
3791 1616113023669 -148
3792 1616113023763 -145
3793 1616113023857 -128
3794 1616113023951 -120
3795 1616113024045 -121
3796 1616113024136 -144
3797 1616113024230 -152
3798 1616113024324 -144
3799 1616113024418 -130
3800 1616113024512 -123
3801 1616113024606 -119
3802 1616113024700 -119
3803 1616113024794 -115
3804 1616113024888 -119
3805 1616113024982 -114
3806 1616113025076 -117
3807 1616113025170 -117
3808 1616113025264 -115
3809 1616113025357 -115
3810 1616113025451 -116
3811 1616113025545 -115
3812 1616113025639 -116
3813 1616113025733 -113
3814 1616113025827 -114
3815 1616113025921 -115
3816 1616113026015 -114
3817 1616113026109 -115
3818 1616113026203 -118
3819 1616113026297 -116
3820 1616113026391 -116
3821 1616113026485 -119
3822 1616113026576 -117
3823 1616113026670 -113
3824 1616113026764 -115
3825 1616113026858 -114
3826 1616113026952 -118
3827 1616113027046 -117
3828 1616113027140 -116
3829 1616113027234 -118
3830 1616113027328 -117
3831 1616113027422 -115
3832 1616113027516 -116
3833 1616113027610 -114
3834 1616113027704 -114
3835 1616113027793 -117
3836 1616113027887 -118
3837 1616113027981 -115
3838 1616113028075 -115
3839 1616113028169 -116
3840 1616113028263 -115
3841 1616113028357 -117
3842 1616113028451 -117
3843 1616113028545 -117
3844 1616113028639 -114
3845 1616113028733 -113
3846 1616113028827 -117
3847 1616113028921 -116
3848 1616113029013 -114
3849 1616113029107 -113
3850 1616113029201 -116
3851 1616113029295 -118
3852 1616113029389 -115
3853 1616113029483 -115
3854 1616113029577 -116
3855 1616113029671 -115
3856 1616113029765 -115
3857 1616113029859 -115
3858 1616113029953 -115
3859 1616113030047 -117
3860 1616113030141 -117
3861 1616113030230 -115
3862 1616113030324 -117
3863 1616113030418 -116
3864 1616113030512 -113
3865 1616113030606 -117
3866 1616113030700 -116
3867 1616113030794 -120
3868 1616113030888 -113
3869 1616113030982 -116
3870 1616113031076 -116
3871 1616113031170 -114
3872 1616113031264 -114
3873 1616113031358 -116
3874 1616113031449 -118
3875 1616113031543 -116
3876 1616113031637 -116
3877 1616113031731 -117
3878 1616113031825 -117
3879 1616113031919 -116
3880 1616113032013 -117
3881 1616113032107 -115
3882 1616113032201 -115
3883 1616113032295 -120
3884 1616113032389 -117
3885 1616113032483 -117
3886 1616113032577 -111
3887 1616113032668 -114
3888 1616113032762 -114
3889 1616113032856 -117
3890 1616113032950 -115
3891 1616113033044 -115
3892 1616113033138 -113
3893 1616113033232 -114
3894 1616113033326 -119
3895 1616113033420 -114
3896 1616113033514 -112
3897 1616113033608 -115
3898 1616113033702 -115
3899 1616113033796 -117
3900 1616113033888 -115
3901 1616113033982 -117
3902 1616113034076 -114
3903 1616113034170 -114
3904 1616113034264 -114
3905 1616113034358 -115
3906 1616113034452 -117
3907 1616113034546 -112
3908 1616113034640 -117
3909 1616113034734 -112
3910 1616113034828 -114
3911 1616113034922 -115
3912 1616113035016 -113
3913 1616113035109 -115
3914 1616113035202 -114
3915 1616113035295 -112
3916 1616113035388 -112
3917 1616113035481 -110
3918 1616113035574 -108
3919 1616113035667 -108
3920 1616113035760 -109
3921 1616113035853 -108
3922 1616113035946 -107
3923 1616113036039 -107
3924 1616113036132 -107
3925 1616113036225 -107
3926 1616113036324 -117
3927 1616113036418 -137
3928 1616113036512 -145
3929 1616113036606 -154
3930 1616113036700 -155
3931 1616113036794 -155
3932 1616113036888 -142
3933 1616113036982 -140
3934 1616113037076 -141
3935 1616113037170 -137
3936 1616113037264 -130
3937 1616113037358 -125
3938 1616113037452 -120
3939 1616113037543 -115
3940 1616113037637 -114
3941 1616113037731 -119
3942 1616113037825 -109
3943 1616113037919 -112
3944 1616113038013 -114
3945 1616113038107 -112
3946 1616113038201 -113
3947 1616113038295 -111
3948 1616113038389 -113
3949 1616113038483 -113
3950 1616113038577 -112
3951 1616113038671 -114
3952 1616113038766 -114
3953 1616113038859 -117
3954 1616113038952 -113
3955 1616113039045 -115
3956 1616113039138 -114
3957 1616113039231 -116
3958 1616113039324 -115
3959 1616113039417 -117
3960 1616113039510 -118
3961 1616113039603 -116
3962 1616113039696 -114
3963 1616113039789 -116
3964 1616113039882 -115
3965 1616113039981 -116
3966 1616113040075 -117
3967 1616113040169 -119
3968 1616113040263 -116
3969 1616113040357 -115
3970 1616113040451 -114
3971 1616113040545 -116
3972 1616113040639 -117
3973 1616113040733 -117
3974 1616113040827 -117
3975 1616113040921 -114
