6421 1618476583809 -97
6422 1618476583897 -97
6423 1618476583991 -92
6424 1618476584085 -95
6425 1618476584179 -94
6426 1618476584273 -95
6427 1618476584367 -93
6428 1618476584461 -94
6429 1618476584555 -96
6430 1618476584649 -94
6431 1618476584743 -96
6432 1618476584837 -95
6433 1618476584931 -95
6434 1618476585025 -97
6435 1618476585118 -95
6436 1618476585212 -94
6437 1618476585306 -96
6438 1618476585400 -93
6439 1618476585494 -95
6440 1618476585588 -91
6441 1618476585682 -94
6442 1618476585776 -91
6443 1618476585870 -94
6444 1618476585964 -91
6445 1618476586058 -96
6446 1618476586152 -97
6447 1618476586246 -93
6448 1618476586339 -93
6449 1618476586433 -91
6450 1618476586527 -96
6451 1618476586621 -95
6452 1618476586715 -95
6453 1618476586809 -96
6454 1618476586903 -92
6455 1618476586997 -97
6456 1618476587091 -94
6457 1618476587185 -97
6458 1618476587279 -95
6459 1618476587373 -95
6460 1618476587467 -90
6461 1618476587555 -95
6462 1618476587649 -95
6463 1618476587743 -94
6464 1618476587837 -93
6465 1618476587931 -93
6466 1618476588025 -96
6467 1618476588119 -95
6468 1618476588213 -94
6469 1618476588307 -96
6470 1618476588401 -95
6471 1618476588495 -93
6472 1618476588589 -96
6473 1618476588683 -96
6474 1618476588773 -97
6475 1618476588867 -97
6476 1618476588961 -98
6477 1618476589055 -96
6478 1618476589149 -97
6479 1618476589243 -98
6480 1618476589337 -98
6481 1618476589431 -97
6482 1618476589525 -103
6483 1618476589619 -102
6484 1618476589713 -98
6485 1618476589807 -103
6486 1618476589901 -106
6487 1618476589994 -108
6488 1618476590088 -105
6489 1618476590182 -112
6490 1618476590276 -108
6491 1618476590370 -112
6492 1618476590464 -107
6493 1618476590558 -107
6494 1618476590652 -159
6495 1618476590746 -154
6496 1618476590840 -161
6497 1618476590934 -165
6498 1618476591028 -90
6499 1618476591122 -14
6500 1618476591210 -17
6501 1618476591304 -93
6502 1618476591398 -131
6503 1618476591492 -134
6504 1618476591586 -177
6505 1618476591680 -222
6506 1618476591774 -206
6507 1618476591868 -185
6508 1618476591962 -135
6509 1618476592056 -125
6510 1618476592150 -77
6511 1618476592244 -37
6512 1618476592338 -19
6513 1618476592430 -7
6514 1618476592524 4
6515 1618476592618 -6
6516 1618476592712 -21
6517 1618476592806 -41
6518 1618476592900 -55
6519 1618476592994 -63
6520 1618476593088 -69
6521 1618476593182 -77
6522 1618476593276 -77
6523 1618476593370 -82
6524 1618476593464 -84
6525 1618476593558 -84
6526 1618476593648 -87
6527 1618476593742 -86
6528 1618476593836 -89
6529 1618476593930 -92
6530 1618476594024 -90
6531 1618476594118 -91
6532 1618476594212 -92
6533 1618476594306 -91
6534 1618476594400 -87
6535 1618476594494 -91
6536 1618476594588 -90
6537 1618476594682 -91
6538 1618476594776 -91
6539 1618476594865 -95
6540 1618476594959 -92
6541 1618476595053 -94
6542 1618476595147 -92
6543 1618476595241 -92
6544 1618476595335 -92
6545 1618476595429 -92
6546 1618476595523 -93
6547 1618476595617 -93
6548 1618476595711 -89
6549 1618476595805 -93
6550 1618476595899 -91
6551 1618476595993 -92
6552 1618476596085 -93
6553 1618476596179 -96
6554 1618476596273 -92
6555 1618476596367 -92
6556 1618476596461 -93
6557 1618476596555 -96
6558 1618476596649 -95
6559 1618476596743 -94
6560 1618476596837 -94
6561 1618476596931 -94
6562 1618476597025 -94
6563 1618476597119 -95
6564 1618476597213 -92
6565 1618476597305 -97
6566 1618476597399 -96
6567 1618476597493 -94
6568 1618476597587 -91
6569 1618476597681 -91
6570 1618476597775 -91
6571 1618476597869 -92
6572 1618476597963 -89
6573 1618476598057 -92
6574 1618476598151 -92
6575 1618476598245 -95
6576 1618476598339 -92
6577 1618476598433 -93
6578 1618476598523 -92
6579 1618476598617 -93
6580 1618476598711 -96
6581 1618476598805 -93
6582 1618476598899 -94
6583 1618476598993 -92
6584 1618476599087 -90
6585 1618476599181 -95
6586 1618476599275 -96
6587 1618476599369 -91
6588 1618476599463 -93
6589 1618476599557 -91
6590 1618476599651 -95
6591 1618476599743 -92
6592 1618476599837 -92
6593 1618476599931 -94
6594 1618476600025 -95
6595 1618476600119 -94
6596 1618476600213 -90
6597 1618476600307 -93
6598 1618476600401 -91
6599 1618476600495 -92
6600 1618476600589 -95
6601 1618476600683 -95
6602 1618476600777 -92
6603 1618476600871 -92
6604 1618476600962 -94
6605 1618476601056 -93
6606 1618476601150 -92
6607 1618476601244 -95
6608 1618476601338 -94
6609 1618476601432 -95
6610 1618476601526 -94
6611 1618476601620 -94
6612 1618476601714 -91
6613 1618476601808 -92
6614 1618476601902 -93
6615 1618476601996 -91
6616 1618476602090 -92
6617 1618476602178 -92
6618 1618476602272 -90
6619 1618476602366 -92
6620 1618476602460 -93
6621 1618476602554 -93
6622 1618476602648 -94
6623 1618476602742 -93
6624 1618476602836 -94
6625 1618476602930 -90
6626 1618476603024 -94
6627 1618476603118 -94
6628 1618476603212 -91
6629 1618476603306 -93
6630 1618476603400 -95
6631 1618476603494 -93
6632 1618476603588 -94
6633 1618476603682 -90
6634 1618476603776 -91
6635 1618476603870 -96
6636 1618476603964 -91
6637 1618476604058 -93
6638 1618476604152 -93
6639 1618476604246 -94
6640 1618476604340 -96
6641 1618476604434 -96
6642 1618476604528 -96
6643 1618476604626 -94
6644 1618476604720 -92
6645 1618476604814 -90
6646 1618476604908 -91
6647 1618476605002 -93
6648 1618476605096 -92
6649 1618476605190 -90
6650 1618476605284 -93
6651 1618476605378 -90
6652 1618476605472 -90
6653 1618476605566 -88
6654 1618476605660 -86
6655 1618476605754 -83
6656 1618476605845 -79
6657 1618476605940 -79
6658 1618476606035 -49
6659 1618476606130 -47
6660 1618476606225 -19
6661 1618476606320 -11
6662 1618476606415 -19
6663 1618476606510 -62
6664 1618476606605 -217
6665 1618476606700 -188
6666 1618476606795 -138
6667 1618476606890 -51
6668 1618476606985 -9
6669 1618476607078 -171
6670 1618476607172 -129
6671 1618476607266 -122
6672 1618476607360 -113
6673 1618476607454 -110
6674 1618476607548 -106
6675 1618476607642 -102
6676 1618476607736 -102
6677 1618476607830 -99
6678 1618476607924 -96
6679 1618476608018 -96
6680 1618476608112 -94
6681 1618476608206 -97
6682 1618476608301 -97
6683 1618476608395 -97
6684 1618476608489 -96
6685 1618476608583 -96
6686 1618476608677 -95
6687 1618476608771 -91
6688 1618476608865 -94
6689 1618476608959 -90
6690 1618476609053 -95
6691 1618476609147 -99
6692 1618476609241 -92
6693 1618476609335 -94
6694 1618476609429 -92
6695 1618476609523 -92
6696 1618476609617 -91
6697 1618476609711 -93
6698 1618476609805 -91
6699 1618476609899 -94
6700 1618476609993 -94
6701 1618476610087 -93
6702 1618476610181 -94
6703 1618476610275 -93
6704 1618476610369 -94
6705 1618476610463 -91
6706 1618476610557 -93
6707 1618476610651 -96
6708 1618476610742 -96
6709 1618476610837 -97
6710 1618476610932 -95
6711 1618476611027 -95
6712 1618476611122 -93
6713 1618476611217 -90
6714 1618476611312 -94
6715 1618476611407 -92
6716 1618476611502 -92
6717 1618476611597 -95
6718 1618476611692 -91
6719 1618476611787 -94
6720 1618476611882 -94
6721 1618476611983 -92
6722 1618476612077 -94
6723 1618476612171 -94
6724 1618476612265 -94
6725 1618476612359 -93
6726 1618476612453 -93
6727 1618476612547 -98
6728 1618476612641 -93
6729 1618476612735 -91
6730 1618476612829 -92
6731 1618476612923 -93
6732 1618476613017 -92
