14933 1616114073410 -80
14934 1616114073504 -85
14935 1616114073598 -83
14936 1616114073692 -82
14937 1616114073784 -82
14938 1616114073878 -79
14939 1616114073972 -81
14940 1616114074066 -81
14941 1616114074160 -81
14942 1616114074254 -82
14943 1616114074348 -82
14944 1616114074442 -82
14945 1616114074536 -80
14946 1616114074630 -81
14947 1616114074724 -80
14948 1616114074818 -77
14949 1616114074912 -76
14950 1616114075001 -76
14951 1616114075095 -67
14952 1616114075189 -56
14953 1616114075283 -46
14954 1616114075377 -16
14955 1616114075471 20
14956 1616114075565 6
14957 1616114075659 190
14958 1616114075753 -125
14959 1616114075847 117
14960 1616114075941 168
14961 1616114076035 -213
14962 1616114076129 -352
14963 1616114076223 -204
14964 1616114076317 -57
14965 1616114076411 -166
14966 1616114076505 -86
14967 1616114076599 -100
14968 1616114076693 -82
14969 1616114076787 -80
14970 1616114076881 -77
14971 1616114076975 -77
14972 1616114077069 -80
14973 1616114077163 -80
14974 1616114077257 -80
14975 1616114077351 -82
14976 1616114077439 -78
14977 1616114077533 -79
14978 1616114077627 -80
14979 1616114077721 -82
14980 1616114077815 -84
14981 1616114077909 -82
14982 1616114078003 -88
14983 1616114078097 -80
14984 1616114078191 -83
14985 1616114078285 -82
14986 1616114078379 -85
14987 1616114078473 -84
14988 1616114078567 -82
14989 1616114078659 -81
14990 1616114078753 -84
14991 1616114078847 -84
14992 1616114078941 -85
14993 1616114079035 -82
14994 1616114079129 -86
14995 1616114079223 -85
14996 1616114079317 -84
14997 1616114079411 -82
14998 1616114079505 -90
14999 1616114079599 -85
15000 1616114079693 -83
15001 1616114079787 -86
15002 1616114079876 -83
15003 1616114079972 -87
15004 1616114080068 -87
15005 1616114080164 -85
15006 1616114080260 -84
15007 1616114080356 -87
15008 1616114080452 -85
15009 1616114080548 -83
15010 1616114080644 -86
15011 1616114080740 -85
15012 1616114080836 -88
15013 1616114080932 -88
15014 1616114081028 -88
15015 1616114081129 -86
15016 1616114081221 -85
15017 1616114081313 -82
15018 1616114081405 -79
15019 1616114081497 -76
15020 1616114081589 -58
15021 1616114081681 -81
15022 1616114081773 -95
15023 1616114081865 -83
15024 1616114081957 -250
15025 1616114082049 -80
15026 1616114082141 -150
15027 1616114082233 -133
15028 1616114082330 -29
15029 1616114082426 -239
15030 1616114082522 -109
15031 1616114082618 45
15032 1616114082714 -204
15033 1616114082810 -215
15034 1616114082906 -230
15035 1616114083002 -200
15036 1616114083098 -142
15037 1616114083194 -115
15038 1616114083290 -102
15039 1616114083386 -95
15040 1616114083482 -93
15041 1616114083580 -90
15042 1616114083674 -90
15043 1616114083768 -86
15044 1616114083862 -88
15045 1616114083956 -92
15046 1616114084050 -88
15047 1616114084144 -85
15048 1616114084238 -87
15049 1616114084332 -86
15050 1616114084426 -83
15051 1616114084520 -85
15052 1616114084614 -82
15053 1616114084708 -86
15054 1616114084798 -83
15055 1616114084892 -87
15056 1616114084986 -86
15057 1616114085080 -82
15058 1616114085174 -83
15059 1616114085268 -82
15060 1616114085362 -82
15061 1616114085456 -84
15062 1616114085550 -84
