1932 1610678602217 165
1933 1610678602312 165
1934 1610678602407 165
1935 1610678602502 166
1936 1610678602597 163
1937 1610678602689 163
1938 1610678602783 162
1939 1610678602877 164
1940 1610678602971 163
1941 1610678603065 165
1942 1610678603159 166
1943 1610678603253 163
1944 1610678603347 165
1945 1610678603441 165
1946 1610678603535 167
1947 1610678603629 163
1948 1610678603723 164
1949 1610678603817 162
1950 1610678603907 167
1951 1610678604001 165
1952 1610678604095 164
1953 1610678604189 167
1954 1610678604283 170
1955 1610678604377 178
1956 1610678604471 188
1957 1610678604565 159
1958 1610678604659 398
1959 1610678604753 220
1960 1610678604847 74
1961 1610678604941 171
1962 1610678605035 198
1963 1610678605128 87
1964 1610678605222 157
1965 1610678605316 162
1966 1610678605410 164
1967 1610678605504 166
1968 1610678605598 168
1969 1610678605692 163
1970 1610678605786 165
1971 1610678605880 163
1972 1610678605974 165
1973 1610678606068 162
1974 1610678606162 163
1975 1610678606256 165
1976 1610678606349 164
1977 1610678606443 162
1978 1610678606537 166
1979 1610678606631 163
1980 1610678606725 165
1981 1610678606819 163
1982 1610678606913 166
1983 1610678607007 164
1984 1610678607101 164
1985 1610678607195 163
1986 1610678607289 167
1987 1610678607383 164
1988 1610678607477 167
1989 1610678607568 165
1990 1610678607661 164
1991 1610678607754 162
1992 1610678607847 166
1993 1610678607940 164
1994 1610678608033 164
1995 1610678608126 162
1996 1610678608219 162
1997 1610678608312 165
1998 1610678608405 162
1999 1610678608498 164
2000 1610678608591 162
2001 1610678608684 166
2002 1610678608783 164
2003 1610678608877 165
2004 1610678608971 163
2005 1610678609065 166
2006 1610678609159 165
2007 1610678609253 163
2008 1610678609347 162
2009 1610678609441 165
2010 1610678609535 164
2011 1610678609629 160
2012 1610678609723 163
2013 1610678609817 165
2014 1610678609911 161
2015 1610678610002 163
2016 1610678610096 163
2017 1610678610190 165
2018 1610678610284 162
2019 1610678610378 165
2020 1610678610472 162
2021 1610678610566 162
2022 1610678610660 161
2023 1610678610754 162
2024 1610678610848 164
2025 1610678610942 164
2026 1610678611036 163
2027 1610678611130 159
2028 1610678611222 164
2029 1610678611316 162
2030 1610678611410 163
2031 1610678611504 164
2032 1610678611598 166
2033 1610678611692 162
2034 1610678611786 165
2035 1610678611880 165
2036 1610678611974 163
2037 1610678612068 166
2038 1610678612162 165
2039 1610678612256 162
2040 1610678612350 164
2041 1610678612442 164
2042 1610678612536 164
2043 1610678612630 160
2044 1610678612724 162
2045 1610678612818 165
2046 1610678612912 167
2047 1610678613006 163
2048 1610678613100 164
2049 1610678613194 166
2050 1610678613288 164
2051 1610678613382 165
2052 1610678613476 162
2053 1610678613570 165
2054 1610678613660 163
2055 1610678613754 164
2056 1610678613848 163
2057 1610678613942 161
2058 1610678614036 163
2059 1610678614130 162
2060 1610678614224 166
2061 1610678614318 162
2062 1610678614412 162
2063 1610678614506 163
2064 1610678614600 165
2065 1610678614694 162
2066 1610678614788 161
2067 1610678614886 162
2068 1610678614980 160
2069 1610678615074 161
2070 1610678615168 161
2071 1610678615262 157
2072 1610678615356 157
2073 1610678615450 155
2074 1610678615544 152
2075 1610678615638 149
2076 1610678615732 145
2077 1610678615826 141
2078 1610678615920 100
2079 1610678616014 -24
2080 1610678616114 -217
2081 1610678616208 259
2082 1610678616302 422
2083 1610678616396 410
2084 1610678616490 153
2085 1610678616584 516
2086 1610678616678 380
2087 1610678616772 342
2088 1610678616866 128
2089 1610678616960 121
2090 1610678617054 137
2091 1610678617148 147
2092 1610678617242 152
2093 1610678617332 157
2094 1610678617426 156
2095 1610678617520 160
2096 1610678617614 161
2097 1610678617708 162
2098 1610678617802 162
2099 1610678617896 162
2100 1610678617990 162
2101 1610678618084 162
2102 1610678618178 163
2103 1610678618272 166
2104 1610678618366 162
2105 1610678618460 162
2106 1610678618551 162
2107 1610678618645 163
2108 1610678618739 167
2109 1610678618833 162
2110 1610678618927 158
