3086 1618477357540 229
3087 1618477357634 229
3088 1618477357728 227
3089 1618477357822 230
3090 1618477357916 227
3091 1618477358010 230
3092 1618477358104 225
3093 1618477358198 229
3094 1618477358291 229
3095 1618477358385 228
3096 1618477358479 229
3097 1618477358573 229
3098 1618477358667 225
3099 1618477358761 230
3100 1618477358855 230
3101 1618477358949 227
3102 1618477359043 228
3103 1618477359137 230
3104 1618477359231 229
3105 1618477359325 229
3106 1618477359419 229
3107 1618477359508 225
3108 1618477359602 227
3109 1618477359696 229
3110 1618477359790 230
3111 1618477359884 229
3112 1618477359978 227
3113 1618477360072 226
3114 1618477360166 227
3115 1618477360260 228
3116 1618477360354 230
3117 1618477360448 229
3118 1618477360542 230
3119 1618477360636 231
3120 1618477360730 230
3121 1618477360824 228
3122 1618477360918 228
3123 1618477361012 228
3124 1618477361106 230
3125 1618477361200 227
3126 1618477361294 229
3127 1618477361388 226
3128 1618477361482 229
3129 1618477361576 229
3130 1618477361670 230
3131 1618477361764 229
3132 1618477361858 230
3133 1618477361946 227
3134 1618477362040 226
3135 1618477362134 229
3136 1618477362228 227
3137 1618477362322 226
3138 1618477362416 228
3139 1618477362510 225
3140 1618477362604 228
3141 1618477362698 229
3142 1618477362792 223
3143 1618477362886 226
3144 1618477362980 228
3145 1618477363074 230
3146 1618477363172 230
3147 1618477363266 255
3148 1618477363360 335
3149 1618477363454 459
3150 1618477363548 517
3151 1618477363642 155
3152 1618477363736 170
3153 1618477363830 178
3154 1618477363924 433
3155 1618477364018 239
3156 1618477364112 252
3157 1618477364206 234
3158 1618477364300 230
3159 1618477364391 227
3160 1618477364485 231
3161 1618477364579 224
3162 1618477364673 231
3163 1618477364767 229
3164 1618477364861 227
3165 1618477364955 228
3166 1618477365049 229
3167 1618477365143 234
3168 1618477365237 230
3169 1618477365331 230
3170 1618477365425 229
3171 1618477365519 229
3172 1618477365613 229
3173 1618477365707 228
3174 1618477365801 228
3175 1618477365895 230
3176 1618477365989 226
3177 1618477366083 228
3178 1618477366177 230
3179 1618477366271 229
3180 1618477366365 230
3181 1618477366459 230
3182 1618477366553 227
3183 1618477366647 228
3184 1618477366741 226
3185 1618477366830 229
3186 1618477366924 227
3187 1618477367018 229
3188 1618477367112 235
3189 1618477367206 228
3190 1618477367300 228
3191 1618477367394 226
3192 1618477367488 229
3193 1618477367582 230
3194 1618477367676 229
3195 1618477367770 229
3196 1618477367864 230
3197 1618477367958 229
3198 1618477368047 228
3199 1618477368141 228
3200 1618477368235 227
3201 1618477368329 227
3202 1618477368423 228
3203 1618477368517 228
3204 1618477368611 235
3205 1618477368705 225
3206 1618477368799 230
3207 1618477368893 229
3208 1618477368987 228
3209 1618477369081 230
3210 1618477369175 229
3211 1618477369267 229
3212 1618477369361 227
3213 1618477369455 229
3214 1618477369549 230
3215 1618477369643 226
3216 1618477369737 224
3217 1618477369831 229
3218 1618477369925 229
3219 1618477370019 227
3220 1618477370113 227
3221 1618477370207 225
3222 1618477370301 227
3223 1618477370395 230
3224 1618477370485 228
3225 1618477370579 229
3226 1618477370673 227
3227 1618477370767 229
3228 1618477370861 229
3229 1618477370955 226
3230 1618477371049 227
3231 1618477371143 227
3232 1618477371237 227
3233 1618477371331 231
3234 1618477371425 227
3235 1618477371519 230
3236 1618477371613 233
3237 1618477371705 230
3238 1618477371799 227
3239 1618477371893 227
3240 1618477371987 229
3241 1618477372081 230
3242 1618477372175 228
3243 1618477372269 229
3244 1618477372363 228
3245 1618477372457 229
3246 1618477372551 227
3247 1618477372645 230
3248 1618477372739 226
3249 1618477372833 227
3250 1618477372923 230
3251 1618477373018 229
3252 1618477373113 230
3253 1618477373208 229
3254 1618477373303 230
3255 1618477373398 230
3256 1618477373493 230
3257 1618477373588 231
3258 1618477373683 232
3259 1618477373778 238
3260 1618477373873 264
3261 1618477373968 263
3262 1618477374063 288
3263 1618477374156 251
3264 1618477374250 282
3265 1618477374344 437
3266 1618477374438 401
3267 1618477374532 260
3268 1618477374626 168
3269 1618477374720 137
3270 1618477374814 174
3271 1618477374908 167
3272 1618477375002 226
3273 1618477375096 314
3274 1618477375190 508
3275 1618477375284 525
3276 1618477375377 481
3277 1618477375472 392
3278 1618477375567 362
3279 1618477375662 315
3280 1618477375757 271
3281 1618477375852 246
3282 1618477375947 237
3283 1618477376042 230
3284 1618477376137 228
3285 1618477376232 227
3286 1618477376327 226
3287 1618477376422 226
3288 1618477376517 227
3289 1618477376610 227
3290 1618477376704 225
3291 1618477376798 222
3292 1618477376892 227
3293 1618477376986 228
3294 1618477377080 226
3295 1618477377174 228
3296 1618477377268 225
3297 1618477377362 228
3298 1618477377456 228
3299 1618477377550 223
3300 1618477377644 225
3301 1618477377738 229
3302 1618477377830 228
3303 1618477377924 227
3304 1618477378018 227
3305 1618477378112 230
3306 1618477378206 227
3307 1618477378300 230
3308 1618477378394 228
3309 1618477378488 233
3310 1618477378582 228
3311 1618477378676 229
3312 1618477378770 230
3313 1618477378864 232
3314 1618477378958 230
3315 1618477379046 228
3316 1618477379140 226
3317 1618477379234 230
3318 1618477379328 228
3319 1618477379422 229
3320 1618477379516 228
3321 1618477379610 229
3322 1618477379704 230
3323 1618477379798 227
3324 1618477379892 228
3325 1618477379986 229
3326 1618477380080 229
3327 1618477380174 230
3328 1618477380267 226
3329 1618477380362 227
3330 1618477380457 230
3331 1618477380552 227
