3224 1610678723475 207
3225 1610678723569 206
3226 1610678723663 208
3227 1610678723757 208
3228 1610678723851 207
3229 1610678723945 208
3230 1610678724039 209
3231 1610678724133 208
3232 1610678724227 206
3233 1610678724321 209
3234 1610678724415 208
3235 1610678724509 209
3236 1610678724603 207
3237 1610678724697 207
3238 1610678724791 208
3239 1610678724885 207
3240 1610678724979 207
3241 1610678725073 207
3242 1610678725167 207
3243 1610678725261 209
3244 1610678725355 207
3245 1610678725449 208
3246 1610678725543 207
3247 1610678725637 207
3248 1610678725731 207
3249 1610678725825 205
3250 1610678725914 206
3251 1610678726008 204
3252 1610678726102 203
3253 1610678726196 149
3254 1610678726290 222
3255 1610678726384 312
3256 1610678726478 206
3257 1610678726572 283
3258 1610678726666 397
3259 1610678726760 162
3260 1610678726854 177
3261 1610678726948 190
3262 1610678727042 199
3263 1610678727132 205
3264 1610678727226 205
3265 1610678727320 207
3266 1610678727414 206
3267 1610678727508 210
3268 1610678727602 207
3269 1610678727696 206
3270 1610678727790 207
3271 1610678727884 206
3272 1610678727978 207
3273 1610678728072 209
3274 1610678728166 208
3275 1610678728260 207
3276 1610678728351 207
3277 1610678728446 207
3278 1610678728541 206
3279 1610678728636 206
3280 1610678728731 208
3281 1610678728826 208
3282 1610678728921 208
3283 1610678729016 207
3284 1610678729111 207
3285 1610678729206 210
3286 1610678729301 207
3287 1610678729396 209
3288 1610678729491 210
3289 1610678729580 207
3290 1610678729675 209
3291 1610678729770 207
3292 1610678729865 208
3293 1610678729960 210
3294 1610678730055 207
3295 1610678730150 207
3296 1610678730245 207
3297 1610678730340 210
3298 1610678730435 210
3299 1610678730530 208
3300 1610678730625 209
3301 1610678730720 208
3302 1610678730812 206
3303 1610678730906 209
3304 1610678731000 207
3305 1610678731094 207
3306 1610678731188 206
3307 1610678731282 208
3308 1610678731376 207
3309 1610678731470 207
3310 1610678731564 208
3311 1610678731658 208
3312 1610678731752 208
3313 1610678731846 208
3314 1610678731940 209
3315 1610678732033 206
3316 1610678732127 207
3317 1610678732221 206
3318 1610678732315 209
3319 1610678732409 207
3320 1610678732503 207
3321 1610678732597 208
3322 1610678732691 208
3323 1610678732785 208
3324 1610678732879 207
3325 1610678732973 207
3326 1610678733067 206
3327 1610678733161 207
3328 1610678733249 207
3329 1610678733344 209
3330 1610678733439 212
3331 1610678733534 207
3332 1610678733629 207
3333 1610678733724 208
3334 1610678733819 210
3335 1610678733914 208
3336 1610678734009 208
3337 1610678734104 207
3338 1610678734199 207
3339 1610678734294 207
3340 1610678734389 207
3341 1610678734482 207
3342 1610678734578 206
3343 1610678734674 209
3344 1610678734770 206
3345 1610678734866 205
3346 1610678734962 199
3347 1610678735058 194
3348 1610678735154 184
3349 1610678735250 230
3350 1610678735346 195
3351 1610678735442 -278
3352 1610678735538 -311
3353 1610678735634 201
3354 1610678735736 182
3355 1610678735829 -70
3356 1610678735922 342
3357 1610678736015 468
3358 1610678736108 355
3359 1610678736201 245
3360 1610678736294 217
3361 1610678736387 209
3362 1610678736480 208
3363 1610678736573 210
3364 1610678736666 211
3365 1610678736759 207
3366 1610678736852 207
3367 1610678736939 204
3368 1610678737032 206
3369 1610678737125 207
3370 1610678737218 207
3371 1610678737311 207
3372 1610678737404 209
3373 1610678737497 205
3374 1610678737590 205
3375 1610678737683 206
3376 1610678737776 207
3377 1610678737869 207
3378 1610678737962 210
3379 1610678738055 206
3380 1610678738154 206
3381 1610678738248 207
3382 1610678738342 208
3383 1610678738436 209
3384 1610678738530 211
3385 1610678738624 207
3386 1610678738718 208
3387 1610678738812 207
3388 1610678738906 208
3389 1610678739000 207
3390 1610678739094 207
3391 1610678739188 207
3392 1610678739282 210
3393 1610678739382 204
