1616035419353	1616035419342	-363	-477
1616035419447	1616035419436	-369	-477
1616035419541	1616035419530	-364	-475
1616035419635	1616035419624	-363	-476
1616035419729	1616035419712	-365	-478
1616035419821	1616035419806	-365	-475
1616035419915	1616035419900	-365	-477
1616035420009	1616035419994	-362	-476
1616035420103	1616035420088	-365	-475
1616035420197	1616035420182	-366	-475
1616035420291	1616035420276	-365	-477
1616035420385	1616035420370	-363	-474
1616035420479	1616035420464	-365	-476
1616035420573	1616035420558	-364	-476
1616035420667	1616035420652	-365	-477
1616035420761	1616035420746	-363	-476
1616035420855	1616035420840	-365	-475
1616035420949	1616035420932	-366	-477
1616035421040	1616035421026	-365	-476
1616035421134	1616035421120	-366	-475
1616035421228	1616035421214	-365	-477
1616035421322	1616035421308	-369	-474
1616035421416	1616035421402	-364	-474
1616035421510	1616035421496	-364	-477
1616035421604	1616035421590	-366	-476
1616035421698	1616035421684	-365	-475
1616035421792	1616035421778	-365	-475
1616035421886	1616035421872	-365	-475
1616035421980	1616035421966	-366	-477
1616035422074	1616035422060	-365	-475
1616035422168	1616035422149	-365	-473
1616035422259	1616035422243	-362	-475
1616035422353	1616035422337	-366	-475
1616035422447	1616035422431	-363	-475
1616035422541	1616035422525	-361	-475
1616035422635	1616035422619	-365	-475
1616035422729	1616035422713	-367	-476
1616035422823	1616035422807	-364	-472
1616035422917	1616035422901	-365	-475
1616035423011	1616035422995	-365	-475
1616035423105	1616035423089	-366	-477
1616035423199	1616035423183	-368	-476
1616035423293	1616035423277	-364	-477
1616035423387	1616035423368	-364	-475
1616035423476	1616035423463	-365	-477
1616035423570	1616035423558	-365	-475
1616035423664	1616035423653	-363	-475
1616035423758	1616035423748	-365	-475
1616035423852	1616035423843	-369	-475
1616035423946	1616035423938	-367	-477
1616035424040	1616035424033	-366	-478
1616035424134	1616035424128	-365	-478
1616035424228	1616035424223	-366	-474
1616035424322	1616035424318	-364	-478
1616035424416	1616035424413	-367	-474
1616035424510	1616035424508	-365	-475
1616035424604	1616035424597	-366	-475
1616035424694	1616035424692	-365	-476
1616035424788	1616035424787	-366	-476
1616035424882	1616035424882	-364	-478
1616035424976	1616035424977	-365	-475
1616035425070	1616035425072	-366	-476
1616035425164	1616035425167	-364	-477
1616035425258	1616035425262	-366	-479
1616035425352	1616035425357	-366	-475
1616035425446	1616035425452	-366	-478
1616035425540	1616035425547	-360	-478
1616035425634	1616035425642	-361	-475
1616035425728	1616035425737	-359	-476
1616035425822	1616035425831	-355	-476
1616035425917	1616035425925	-345	-476
1616035426011	1616035426019	-332	-476
1616035426105	1616035426113	-312	-476
1616035426199	1616035426207	-293	-475
1616035426293	1616035426301	-292	-475
1616035426387	1616035426395	-282	-475
1616035426481	1616035426489	-267	-475
1616035426575	1616035426583	-260	-475
1616035426669	1616035426677	-287	-475
1616035426763	1616035426771	-320	-475
1616035426857	1616035426865	-334	-473
1616035426951	1616035426959	-370	-475
1616035427045	1616035427047	-422	-476
1616035427133	1616035427141	-467	-475
1616035427227	1616035427235	-492	-479
1616035427321	1616035427329	-510	-475
1616035427415	1616035427423	-515	-476
1616035427509	1616035427517	-505	-480
1616035427603	1616035427611	-480	-475
1616035427697	1616035427705	-455	-477
1616035427791	1616035427799	-431	-473
1616035427885	1616035427893	-416	-477
1616035427979	1616035427987	-411	-475
1616035428073	1616035428081	-410	-474
1616035428167	1616035428175	-402	-476
1616035428261	1616035428268	-397	-468
1616035428358	1616035428362	-390	-461
1616035428452	1616035428456	-380	-459
1616035428546	1616035428550	-381	-442
1616035428640	1616035428644	-377	-417
1616035428734	1616035428738	-376	-404
1616035428828	1616035428832	-374	-392
1616035428922	1616035428926	-372	-375
1616035429016	1616035429020	-372	-371
1616035429110	1616035429114	-373	-397
1616035429204	1616035429208	-369	-432
1616035429298	1616035429302	-370	-459
1616035429392	1616035429396	-368	-511
1616035429486	1616035429489	-367	-569
1616035429580	1616035429583	-366	-602
1616035429675	1616035429677	-366	-622
1616035429770	1616035429771	-365	-623
1616035429865	1616035429865	-365	-593
1616035429960	1616035429959	-367	-566
1616035430055	1616035430053	-366	-543
1616035430150	1616035430147	-366	-526
1616035430245	1616035430241	-365	-522
1616035430340	1616035430335	-366	-517
1616035430435	1616035430429	-365	-511
1616035430530	1616035430523	-365	-500
1616035430625	1616035430617	-366	-497
1616035430720	1616035430708	-365	-492
1616035430813	1616035430803	-363	-482
1616035430907	1616035430898	-366	-487
1616035431001	1616035430993	-362	-484
1616035431095	1616035431088	-366	-480
1616035431189	1616035431183	-367	-480
1616035431283	1616035431278	-368	-480
1616035431377	1616035431373	-364	-478
1616035431471	1616035431468	-365	-479
1616035431565	1616035431563	-367	-477
1616035431659	1616035431658	-365	-478
1616035431753	1616035431753	-367	-480
1616035431847	1616035431848	-365	-480
1616035431941	1616035431940	-365	-478
1616035432033	1616035432034	-364	-477
1616035432128	1616035432128	-363	-478
1616035432223	1616035432222	-365	-476
1616035432318	1616035432316	-365	-476
1616035432413	1616035432410	-367	-477
1616035432508	1616035432504	-364	-477
1616035432603	1616035432598	-365	-478
1616035432698	1616035432692	-366	-476
1616035432793	1616035432786	-365	-476
1616035432888	1616035432880	-363	-475
1616035432983	1616035432974	-365	-475
1616035433078	1616035433068	-366	-475
1616035433173	1616035433160	-365	-477
1616035433267	1616035433255	-367	-477
1616035433361	1616035433350	-366	-477
1616035433455	1616035433445	-365	-478
1616035433549	1616035433540	-361	-475
1616035433643	1616035433635	-365	-478
1616035433737	1616035433730	-365	-477
1616035433831	1616035433825	-365	-476
1616035433925	1616035433920	-364	-478
1616035434019	1616035434015	-366	-472
1616035434113	1616035434110	-365	-479
1616035434207	1616035434205	-365	-477
1616035434301	1616035434300	-365	-478
1616035434395	1616035434393	-366	-476
1616035434485	1616035434487	-365	-479
1616035434580	1616035434581	-364	-476
1616035434675	1616035434675	-365	-477
1616035434770	1616035434769	-363	-477
1616035434865	1616035434863	-364	-475
1616035434960	1616035434957	-364	-478
1616035435055	1616035435051	-365	-476
1616035435150	1616035435145	-364	-476
1616035435245	1616035435239	-364	-475
1616035435340	1616035435333	-361	-478
1616035435435	1616035435427	-366	-478
1616035435530	1616035435521	-366	-475
1616035435625	1616035435613	-363	-473
1616035435720	1616035435708	-367	-479
1616035435814	1616035435803	-365	-470
1616035435908	1616035435898	-363	-477
1616035436002	1616035435993	-363	-479
1616035436096	1616035436088	-365	-476
1616035436190	1616035436183	-365	-474
1616035436284	1616035436278	-365	-475
1616035436378	1616035436373	-364	-476
1616035436472	1616035436468	-365	-476
1616035436566	1616035436563	-363	-478
1616035436660	1616035436658	-363	-476
1616035436754	1616035436753	-365	-477
1616035436848	1616035436846	-363	-475
1616035436941	1616035436940	-365	-479
1616035437036	1616035437034	-368	-475
1616035437131	1616035437128	-365	-475
1616035437226	1616035437222	-366	-476
1616035437321	1616035437316	-363	-476
1616035437416	1616035437410	-370	-476
1616035437511	1616035437504	-365	-475
1616035437606	1616035437598	-365	-476
1616035437701	1616035437692	-364	-476
1616035437796	1616035437786	-365	-480
1616035437891	1616035437880	-362	-480
1616035437986	1616035437974	-364	-477
1616035438081	1616035438063	-362	-475
1616035438174	1616035438158	-362	-475
1616035438268	1616035438253	-364	-475
1616035438362	1616035438348	-363	-476
