1618476570037,1618476570067,259,230
1618476570132,1618476570162,261,228
1618476570227,1618476570257,264,230
1618476570322,1618476570352,261,230
1618476570417,1618476570443,262,228
1618476570510,1618476570537,262,230
1618476570604,1618476570631,260,230
1618476570698,1618476570725,262,228
1618476570792,1618476570819,261,230
1618476570886,1618476570913,264,230
1618476570980,1618476571007,263,228
1618476571074,1618476571101,263,231
1618476571168,1618476571195,263,231
1618476571262,1618476571289,261,230
1618476571356,1618476571383,260,232
1618476571450,1618476571477,265,229
1618476571544,1618476571571,264,229
1618476571638,1618476571662,258,230
1618476571730,1618476571756,262,230
1618476571824,1618476571850,259,228
1618476571918,1618476571944,258,229
1618476572012,1618476572038,260,229
1618476572106,1618476572132,261,229
1618476572200,1618476572226,262,232
1618476572294,1618476572320,262,232
1618476572388,1618476572414,259,230
1618476572482,1618476572508,262,231
1618476572576,1618476572602,262,230
1618476572670,1618476572696,262,231
1618476572764,1618476572790,263,228
1618476572858,1618476572883,260,227
1618476572948,1618476572977,260,229
1618476573042,1618476573071,260,230
1618476573136,1618476573165,260,229
1618476573230,1618476573259,264,228
1618476573324,1618476573353,260,229
1618476573418,1618476573447,262,231
1618476573512,1618476573541,261,231
1618476573606,1618476573635,258,229
1618476573700,1618476573729,262,232
1618476573794,1618476573823,262,230
1618476573888,1618476573917,262,228
1618476573982,1618476574011,262,230
1618476574076,1618476574102,261,230
1618476574166,1618476574198,261,229
1618476574260,1618476574294,262,229
1618476574354,1618476574390,261,229
1618476574448,1618476574486,266,229
1618476574542,1618476574582,263,229
1618476574636,1618476574678,260,230
1618476574730,1618476574774,262,227
1618476574824,1618476574870,261,227
1618476574918,1618476574966,261,229
1618476575012,1618476575062,261,226
1618476575106,1618476575158,261,230
1618476575200,1618476575254,260,230
1618476575294,1618476575354,257,230
1618476575386,1618476575446,261,231
1618476575481,1618476575538,263,228
1618476575576,1618476575630,260,231
1618476575671,1618476575722,258,229
1618476575766,1618476575814,257,230
1618476575861,1618476575906,261,228
1618476575956,1618476575998,264,229
1618476576051,1618476576090,260,226
1618476576146,1618476576182,262,226
1618476576241,1618476576274,281,230
1618476576336,1618476576366,291,227
1618476576431,1618476576458,342,229
1618476576526,1618476576554,411,230
1618476576619,1618476576648,464,229
1618476576714,1618476576742,474,229
1618476576809,1618476576836,392,225
1618476576904,1618476576930,257,225
1618476576999,1618476577024,210,227
1618476577094,1618476577118,217,229
1618476577189,1618476577212,214,225
1618476577284,1618476577306,334,229
1618476577379,1618476577400,438,229
1618476577474,1618476577494,277,237
1618476577569,1618476577588,265,255
1618476577664,1618476577682,273,333
1618476577759,1618476577776,263,425
1618476577851,1618476577871,265,481
1618476577945,1618476577966,263,381
1618476578039,1618476578061,262,192
1618476578133,1618476578156,260,195
1618476578227,1618476578251,259,309
1618476578321,1618476578346,260,372
1618476578415,1618476578441,265,265
1618476578509,1618476578536,262,228
1618476578603,1618476578631,262,232
1618476578697,1618476578726,262,234
1618476578791,1618476578821,262,230
1618476578885,1618476578916,260,230
1618476578979,1618476579009,261,230
1618476579073,1618476579103,262,229
1618476579167,1618476579197,263,226
1618476579261,1618476579291,262,229
1618476579355,1618476579385,262,227
1618476579449,1618476579479,260,231
1618476579543,1618476579573,263,228
1618476579637,1618476579667,266,226
1618476579731,1618476579761,260,228
1618476579825,1618476579855,260,227
1618476579919,1618476579949,265,230
1618476580013,1618476580043,261,230
1618476580107,1618476580137,261,230
1618476580201,1618476580227,262,227
1618476580294,1618476580322,261,229
1618476580389,1618476580417,262,230
1618476580484,1618476580512,264,229
1618476580579,1618476580607,263,230
1618476580674,1618476580702,261,231
1618476580769,1618476580797,262,229
1618476580864,1618476580892,263,228
1618476580959,1618476580987,260,231
1618476581054,1618476581082,260,230
1618476581149,1618476581177,264,228
1618476581244,1618476581272,262,232
1618476581339,1618476581367,263,230
1618476581434,1618476581463,263,231
1618476581527,1618476581557,261,230
1618476581622,1618476581651,263,226
1618476581717,1618476581745,262,231
1618476581812,1618476581839,261,229
1618476581907,1618476581933,263,232
1618476582002,1618476582027,261,235
1618476582097,1618476582121,261,228
1618476582192,1618476582215,264,230
1618476582287,1618476582309,262,229
1618476582382,1618476582403,262,230
1618476582477,1618476582497,263,229
1618476582572,1618476582591,263,230
1618476582667,1618476582681,261,230
1618476582762,1618476582775,252,230
1618476582855,1618476582869,260,230
1618476582948,1618476582963,260,230
1618476583041,1618476583057,261,230
1618476583134,1618476583151,263,227
1618476583227,1618476583245,261,229
1618476583320,1618476583339,263,228
1618476583413,1618476583433,264,229
1618476583506,1618476583527,261,229
1618476583599,1618476583621,262,228
1618476583692,1618476583715,261,229
1618476583785,1618476583809,261,230
1618476583878,1618476583897,265,230
1618476583977,1618476583991,261,230
1618476584071,1618476584085,260,230
1618476584165,1618476584179,264,230
1618476584259,1618476584273,261,231
1618476584353,1618476584367,264,231
1618476584447,1618476584461,262,229
1618476584541,1618476584555,264,228
1618476584635,1618476584649,261,231
1618476584729,1618476584743,264,230
1618476584823,1618476584837,261,229
1618476584917,1618476584931,262,227
1618476585011,1618476585025,264,234
1618476585105,1618476585118,260,230
1618476585195,1618476585212,260,229
1618476585289,1618476585306,261,230
1618476585383,1618476585400,262,230
1618476585477,1618476585494,261,229
1618476585571,1618476585588,262,229
1618476585665,1618476585682,262,230
1618476585759,1618476585776,264,230
1618476585853,1618476585870,264,230
1618476585947,1618476585964,262,228
1618476586041,1618476586058,261,226
1618476586135,1618476586152,261,228
1618476586229,1618476586246,263,232
1618476586323,1618476586339,260,230
1618476586413,1618476586433,265,229
1618476586507,1618476586527,262,234
1618476586601,1618476586621,264,229
1618476586695,1618476586715,263,225
1618476586789,1618476586809,262,231
1618476586883,1618476586903,261,229
1618476586977,1618476586997,263,230
1618476587071,1618476587091,264,230
1618476587165,1618476587185,261,229
1618476587259,1618476587279,261,229
1618476587353,1618476587373,264,229
1618476587447,1618476587467,261,228
1618476587541,1618476587555,262,227
1618476587632,1618476587649,264,230
1618476587726,1618476587743,262,230
1618476587820,1618476587837,263,229
1618476587914,1618476587931,260,230
1618476588008,1618476588025,261,229
1618476588102,1618476588119,266,229
1618476588196,1618476588213,261,229
1618476588290,1618476588307,263,229
1618476588384,1618476588401,262,229
1618476588478,1618476588495,262,226
1618476588572,1618476588589,264,230
1618476588666,1618476588683,265,228
1618476588760,1618476588773,264,228
1618476588851,1618476588867,263,230
