1618476759676,1618476759610,260,229
1618476759770,1618476759704,260,229
1618476759860,1618476759797,265,228
1618476759954,1618476759891,260,227
1618476760048,1618476759985,262,230
1618476760142,1618476760079,260,227
1618476760236,1618476760173,261,229
1618476760330,1618476760267,258,230
1618476760424,1618476760361,263,229
1618476760518,1618476760455,261,230
1618476760612,1618476760549,261,228
1618476760706,1618476760643,261,229
1618476760800,1618476760737,261,230
1618476760894,1618476760831,264,230
1618476760988,1618476760925,261,230
1618476761080,1618476761015,262,233
1618476761175,1618476761110,261,230
1618476761270,1618476761205,259,230
1618476761365,1618476761300,266,230
1618476761460,1618476761395,261,228
1618476761555,1618476761490,264,228
1618476761650,1618476761585,261,231
1618476761745,1618476761680,263,232
1618476761840,1618476761775,261,230
1618476761935,1618476761870,262,230
1618476762030,1618476761965,260,230
1618476762125,1618476762060,262,228
1618476762220,1618476762155,261,228
1618476762315,1618476762249,261,229
1618476762409,1618476762343,261,229
1618476762503,1618476762437,261,228
1618476762597,1618476762531,262,226
1618476762691,1618476762625,260,230
1618476762785,1618476762719,262,229
1618476762879,1618476762813,260,230
1618476762973,1618476762907,262,232
1618476763067,1618476763001,262,229
1618476763161,1618476763095,260,227
1618476763255,1618476763189,262,230
1618476763349,1618476763283,262,230
1618476763443,1618476763377,266,227
1618476763531,1618476763467,262,230
1618476763625,1618476763561,260,229
1618476763719,1618476763655,262,230
1618476763813,1618476763749,261,230
1618476763907,1618476763843,266,230
1618476764001,1618476763937,261,228
1618476764095,1618476764031,260,229
1618476764189,1618476764125,263,229
1618476764283,1618476764219,259,230
1618476764377,1618476764313,261,230
1618476764471,1618476764407,260,231
1618476764565,1618476764501,261,234
1618476764659,1618476764595,261,229
1618476764751,1618476764685,260,230
1618476764845,1618476764779,260,229
1618476764939,1618476764873,263,230
1618476765033,1618476764967,263,230
1618476765127,1618476765061,261,231
1618476765221,1618476765155,263,230
1618476765315,1618476765249,260,230
1618476765409,1618476765343,262,230
1618476765503,1618476765437,264,229
1618476765597,1618476765531,262,228
1618476765691,1618476765625,261,231
1618476765785,1618476765719,260,230
1618476765879,1618476765813,263,230
1618476765971,1618476765905,260,229
1618476766066,1618476765999,264,236
1618476766161,1618476766093,262,227
1618476766256,1618476766187,262,230
1618476766351,1618476766281,260,228
1618476766446,1618476766375,261,231
1618476766541,1618476766469,262,229
1618476766636,1618476766563,260,233
1618476766731,1618476766657,265,228
1618476766826,1618476766751,263,232
1618476766921,1618476766845,260,230
1618476767016,1618476766939,260,232
1618476767111,1618476767033,261,227
1618476767203,1618476767122,260,229
1618476767297,1618476767216,262,227
1618476767391,1618476767310,262,230
1618476767485,1618476767404,261,227
1618476767579,1618476767498,263,227
1618476767673,1618476767592,263,227
1618476767767,1618476767686,262,230
1618476767861,1618476767780,262,228
1618476767955,1618476767874,260,231
1618476768049,1618476767968,262,230
1618476768143,1618476768062,259,230
1618476768237,1618476768156,259,229
1618476768331,1618476768250,263,226
1618476768420,1618476768343,261,229
1618476768514,1618476768437,260,230
1618476768608,1618476768531,262,229
1618476768702,1618476768625,260,230
1618476768796,1618476768719,262,230
1618476768890,1618476768813,262,226
1618476768984,1618476768907,263,227
1618476769078,1618476769001,260,228
1618476769172,1618476769095,260,231
1618476769266,1618476769189,258,228
1618476769360,1618476769283,260,230
1618476769454,1618476769377,260,229
1618476769548,1618476769471,259,230
1618476769640,1618476769563,260,229
1618476769734,1618476769657,261,229
1618476769828,1618476769751,260,230
1618476769922,1618476769845,260,228
1618476770016,1618476769939,260,229
1618476770110,1618476770033,265,230
1618476770204,1618476770127,272,229
1618476770298,1618476770221,290,231
1618476770392,1618476770315,348,226
1618476770486,1618476770409,406,226
1618476770580,1618476770503,467,228
1618476770674,1618476770597,467,228
1618476770768,1618476770691,445,229
1618476770859,1618476770782,258,224
1618476770953,1618476770876,217,227
1618476771047,1618476770970,189,226
1618476771141,1618476771064,301,225
1618476771235,1618476771158,463,229
1618476771329,1618476771252,273,230
1618476771423,1618476771346,274,249
1618476771517,1618476771440,263,270
1618476771611,1618476771534,268,363
1618476771705,1618476771628,263,467
1618476771799,1618476771722,262,474
1618476771893,1618476771816,261,251
1618476771987,1618476771910,262,186
1618476772075,1618476771998,261,227
1618476772169,1618476772092,265,427
1618476772263,1618476772186,256,237
1618476772357,1618476772280,265,232
1618476772451,1618476772374,260,235
1618476772545,1618476772468,260,234
1618476772639,1618476772562,260,227
1618476772733,1618476772656,261,230
1618476772827,1618476772750,259,229
1618476772921,1618476772844,261,231
1618476773015,1618476772938,261,230
1618476773109,1618476773032,260,231
1618476773203,1618476773126,260,227
1618476773294,1618476773216,265,227
1618476773388,1618476773310,260,227
1618476773482,1618476773404,260,230
1618476773576,1618476773498,263,229
1618476773670,1618476773592,267,230
1618476773764,1618476773686,264,230
1618476773858,1618476773780,265,229
1618476773952,1618476773874,263,229
1618476774046,1618476773968,261,229
1618476774140,1618476774062,263,230
1618476774234,1618476774156,262,228
1618476774328,1618476774250,260,228
1618476774422,1618476774344,262,230
1618476774516,1618476774437,260,231
1618476774610,1618476774531,261,230
1618476774704,1618476774625,259,229
1618476774798,1618476774719,261,231
1618476774892,1618476774813,263,228
1618476774986,1618476774907,264,230
1618476775080,1618476775001,261,229
1618476775174,1618476775095,263,230
1618476775268,1618476775189,262,230
1618476775362,1618476775283,262,231
1618476775456,1618476775377,260,231
1618476775550,1618476775471,262,230
1618476775644,1618476775565,260,229
1618476775739,1618476775655,262,230
1618476775832,1618476775749,262,230
1618476775925,1618476775843,260,229
1618476776018,1618476775937,262,229
1618476776111,1618476776031,260,226
1618476776204,1618476776125,265,230
1618476776297,1618476776219,263,229
1618476776390,1618476776313,264,229
1618476776483,1618476776407,263,229
1618476776576,1618476776501,264,230
1618476776669,1618476776595,261,227
1618476776762,1618476776689,264,227
1618476776855,1618476776783,259,232
1618476776950,1618476776874,263,228
1618476777044,1618476776968,260,230
1618476777138,1618476777062,262,230
1618476777232,1618476777156,261,228
1618476777326,1618476777250,263,230
1618476777420,1618476777344,262,230
1618476777514,1618476777438,264,230
1618476777608,1618476777532,264,230
1618476777702,1618476777626,264,229
1618476777796,1618476777720,260,227
1618476777890,1618476777814,260,230
1618476777984,1618476777908,261,230
1618476778078,1618476778002,263,230
1618476778171,1618476778093,261,231
1618476778265,1618476778187,265,230
1618476778359,1618476778281,260,231
1618476778453,1618476778375,263,229
1618476778547,1618476778469,262,229
1618476778641,1618476778563,261,230
1618476778735,1618476778657,260,231
1618476778829,1618476778751,264,231
1618476778923,1618476778845,262,230
1618476779017,1618476778939,266,231
1618476779111,1618476779033,261,229
1618476779205,1618476779127,266,230
1618476779299,1618476779221,262,230
1618476779396,1618476779311,261,229
1618476779490,1618476779405,261,230
1618476779584,1618476779499,263,228
1618476779678,1618476779593,263,230
1618476779772,1618476779687,260,227
1618476779866,1618476779781,262,230
1618476779960,1618476779875,265,229
1618476780054,1618476779969,260,230
1618476780148,1618476780063,261,229
1618476780242,1618476780157,265,230
1618476780336,1618476780251,263,229
1618476780430,1618476780345,260,229
1618476780524,1618476780439,263,230
1618476780616,1618476780532,268,231
NaN,1618476780626,NaN,229
