1618476517149,1618476517102,-8,-94
1618476517241,1618476517196,-11,-92
1618476517333,1618476517290,-10,-94
1618476517425,1618476517384,-9,-95
1618476517517,1618476517478,-10,-92
1618476517609,1618476517572,-9,-93
1618476517701,1618476517666,-8,-90
1618476517793,1618476517760,-12,-93
1618476517885,1618476517850,-9,-93
1618476517983,1618476517946,-9,-94
1618476518077,1618476518042,-10,-94
1618476518171,1618476518138,-6,-93
1618476518265,1618476518234,-10,-95
1618476518359,1618476518330,-10,-93
1618476518453,1618476518426,-11,-92
1618476518547,1618476518522,-9,-92
1618476518641,1618476518618,-10,-95
1618476518735,1618476518714,-11,-95
1618476518829,1618476518810,-10,-93
1618476518923,1618476518906,-6,-95
1618476519017,1618476519002,-9,-97
1618476519111,1618476519092,-10,-93
1618476519200,1618476519186,-8,-95
1618476519295,1618476519280,-10,-93
1618476519390,1618476519374,-8,-94
1618476519485,1618476519468,-9,-96
1618476519580,1618476519562,-7,-96
1618476519675,1618476519656,-10,-95
1618476519770,1618476519750,-9,-95
1618476519865,1618476519844,-8,-96
1618476519960,1618476519938,-10,-94
1618476520055,1618476520032,-10,-95
1618476520150,1618476520126,-7,-93
1618476520245,1618476520220,-9,-92
1618476520340,1618476520313,-8,-93
1618476520436,1618476520408,-10,-93
1618476520530,1618476520503,-10,-92
1618476520624,1618476520598,-9,-95
1618476520718,1618476520693,-8,-93
1618476520812,1618476520788,-11,-93
1618476520906,1618476520883,-7,-93
1618476521000,1618476520978,-10,-96
1618476521094,1618476521073,-10,-94
1618476521188,1618476521168,-10,-94
1618476521282,1618476521263,-7,-97
1618476521376,1618476521358,-10,-96
1618476521470,1618476521453,-8,-93
1618476521564,1618476521545,-9,-97
1618476521655,1618476521639,-15,-93
1618476521750,1618476521733,-8,-91
1618476521845,1618476521827,-7,-98
1618476521940,1618476521921,-10,-93
1618476522035,1618476522015,-7,-94
1618476522130,1618476522109,-9,-93
1618476522225,1618476522203,-10,-92
1618476522320,1618476522297,-10,-93
1618476522415,1618476522391,-9,-91
1618476522510,1618476522485,-8,-93
1618476522605,1618476522579,-5,-96
1618476522700,1618476522673,-11,-93
1618476522795,1618476522763,-8,-93
1618476522891,1618476522858,-10,-96
1618476522985,1618476522953,-10,-92
1618476523079,1618476523048,-10,-96
1618476523173,1618476523143,-7,-92
1618476523267,1618476523238,-10,-98
1618476523361,1618476523333,-8,-93
1618476523455,1618476523428,-13,-93
1618476523549,1618476523523,-9,-95
1618476523643,1618476523618,-11,-88
1618476523737,1618476523713,-8,-93
1618476523831,1618476523808,-10,-94
1618476523925,1618476523903,-10,-94
1618476524019,1618476523999,-10,-92
1618476524108,1618476524093,-7,-94
1618476524202,1618476524187,-11,-93
1618476524296,1618476524281,-9,-95
1618476524390,1618476524375,-8,-91
1618476524484,1618476524469,-5,-93
1618476524578,1618476524563,-9,-94
1618476524672,1618476524657,-9,-96
1618476524766,1618476524751,-7,-93
1618476524860,1618476524845,-8,-96
1618476524954,1618476524939,-14,-95
1618476525048,1618476525033,-11,-93
1618476525142,1618476525127,-10,-93
1618476525236,1618476525218,-8,-96
1618476525325,1618476525313,-9,-93
1618476525419,1618476525408,-9,-93
1618476525513,1618476525503,-8,-94
1618476525607,1618476525598,-10,-95
1618476525701,1618476525693,-10,-94
1618476525795,1618476525788,-8,-95
1618476525889,1618476525883,-10,-94
1618476525983,1618476525978,-8,-95
1618476526077,1618476526073,-9,-93
1618476526171,1618476526168,-9,-94
1618476526265,1618476526263,-8,-94
1618476526359,1618476526358,-10,-94
1618476526453,1618476526452,-14,-92
1618476526544,1618476526546,-10,-95
1618476526638,1618476526640,-10,-95
1618476526732,1618476526734,-10,-94
1618476526826,1618476526828,-11,-95
1618476526920,1618476526922,-7,-96
1618476527014,1618476527016,-13,-94
1618476527108,1618476527110,-8,-95
1618476527202,1618476527204,-10,-95
1618476527296,1618476527298,-10,-96
1618476527390,1618476527392,-12,-96
1618476527484,1618476527486,-8,-97
1618476527578,1618476527580,-10,-97
1618476527672,1618476527674,-9,-95
1618476527766,1618476527769,-9,-98
1618476527860,1618476527864,-10,-98
1618476527954,1618476527959,-12,-97
1618476528048,1618476528054,-8,-100
1618476528142,1618476528149,-12,-100
1618476528236,1618476528244,-7,-106
1618476528330,1618476528339,-10,-103
1618476528424,1618476528434,-10,-105
1618476528518,1618476528529,-9,-105
1618476528612,1618476528624,-9,-105
1618476528706,1618476528719,-7,-110
1618476528800,1618476528814,-10,-108
1618476528894,1618476528903,-6,-109
1618476528982,1618476528997,-8,-116
1618476529076,1618476529091,-8,-118
1618476529170,1618476529185,-12,-109
1618476529264,1618476529279,-8,-107
1618476529358,1618476529373,-11,-138
1618476529452,1618476529467,-13,-115
1618476529546,1618476529561,-10,-168
1618476529640,1618476529655,-11,-180
1618476529734,1618476529749,-10,-162
1618476529828,1618476529843,-9,-55
1618476529922,1618476529937,-14,4
1618476530016,1618476530031,-12,2
1618476530110,1618476530121,-14,-41
1618476530201,1618476530216,-11,-89
1618476530295,1618476530311,-14,-125
1618476530389,1618476530406,-11,-127
1618476530483,1618476530501,-12,-157
1618476530577,1618476530596,-14,-199
1618476530671,1618476530691,-12,-209
1618476530765,1618476530786,-18,-206
1618476530859,1618476530881,-14,-177
1618476530953,1618476530976,-22,-124
1618476531047,1618476531071,-20,-114
1618476531141,1618476531166,-20,-74
1618476531235,1618476531261,-23,-39
1618476531329,1618476531358,-27,-32
1618476531424,1618476531452,-27,-21
1618476531518,1618476531546,-35,-10
1618476531612,1618476531640,-42,-12
1618476531706,1618476531734,-30,-17
1618476531800,1618476531828,-37,-32
1618476531894,1618476531922,-3,-47
1618476531988,1618476532016,0,-55
1618476532082,1618476532110,-72,-65
1618476532176,1618476532204,-97,-70
1618476532270,1618476532298,12,-77
1618476532364,1618476532392,83,-80
1618476532458,1618476532486,66,-82
1618476532552,1618476532576,47,-84
1618476532642,1618476532671,0,-83
1618476532737,1618476532766,-36,-87
1618476532832,1618476532861,-41,-87
1618476532927,1618476532956,-73,-90
1618476533022,1618476533051,-113,-87
1618476533117,1618476533146,-138,-91
1618476533212,1618476533241,-82,-91
1618476533307,1618476533336,-10,-92
1618476533402,1618476533431,-27,-89
1618476533497,1618476533526,42,-90
1618476533592,1618476533621,50,-90
1618476533687,1618476533716,58,-90
1618476533782,1618476533811,71,-94
1618476533876,1618476533905,67,-90
1618476533970,1618476533999,56,-90
1618476534064,1618476534093,42,-94
1618476534158,1618476534187,32,-96
1618476534252,1618476534281,22,-95
1618476534346,1618476534375,16,-91
1618476534440,1618476534469,15,-93
1618476534534,1618476534563,8,-95
1618476534628,1618476534657,5,-94
1618476534722,1618476534751,1,-90
1618476534816,1618476534845,0,-95
1618476534910,1618476534939,-1,-92
1618476535004,1618476535028,-4,-92
1618476535095,1618476535122,-3,-93
1618476535190,1618476535216,-3,-92
1618476535285,1618476535310,-2,-94
1618476535380,1618476535404,-2,-92
1618476535475,1618476535498,-8,-92
1618476535570,1618476535592,-4,-95
1618476535665,1618476535686,-5,-92
1618476535760,1618476535780,-5,-92
1618476535855,1618476535874,-6,-92
1618476535950,1618476535968,-8,-95
1618476536045,1618476536062,-6,-94
1618476536140,1618476536156,-9,-93
1618476536235,1618476536247,-10,-91
1618476536327,1618476536341,-7,-91
1618476536421,1618476536435,-12,-93
1618476536515,1618476536529,-8,-93
1618476536609,1618476536623,-6,-94
1618476536703,1618476536717,-8,-93
1618476536797,1618476536811,-6,-90
1618476536891,1618476536905,-6,-94
1618476536985,1618476536999,-7,-96
1618476537079,1618476537093,-6,-92
1618476537173,1618476537187,-4,-92
1618476537267,1618476537281,-9,-92
1618476537361,1618476537375,-9,-95
1618476537455,1618476537466,-10,-98
1618476537546,1618476537560,-7,-96
1618476537640,1618476537654,-7,-92
1618476537734,1618476537748,-6,-94
1618476537828,1618476537842,-9,-95
1618476537922,1618476537936,-9,-93
1618476538016,1618476538030,-6,-94
1618476538110,1618476538124,-8,-95
1618476538204,1618476538218,-9,-91
1618476538298,1618476538312,-9,-91
1618476538392,1618476538406,-11,-94
1618476538486,1618476538500,-9,-92
1618476538580,1618476538594,-6,-93
1618476538674,1618476538687,-11,-94
1618476538771,1618476538781,-10,-96
1618476538864,1618476538875,-7,-94
1618476538957,1618476538969,-9,-92
1618476539050,1618476539063,-10,-90
1618476539143,1618476539157,-8,-90
1618476539236,1618476539251,-8,-91
1618476539329,1618476539345,-7,-94
1618476539422,1618476539439,-9,-94
1618476539515,1618476539533,-9,-98
1618476539608,1618476539627,-9,-95
1618476539701,1618476539721,-10,-94
1618476539794,1618476539815,-10,-91
1618476539887,1618476539904,-11,-92
1618476539983,1618476539998,-5,-89
1618476540077,1618476540092,-5,-93
1618476540171,1618476540186,-10,-92
1618476540265,1618476540280,-6,-95
1618476540359,1618476540374,-9,-91
1618476540453,1618476540468,-7,-90
1618476540547,1618476540562,-8,-97
1618476540641,1618476540656,-7,-94
1618476540735,1618476540750,-6,-93
1618476540829,1618476540844,-10,-91
1618476540923,1618476540938,-8,-91
1618476541017,1618476541032,-9,-95
1618476541111,1618476541124,-10,-92
1618476541202,1618476541218,-5,-92
1618476541296,1618476541312,-11,-93
1618476541390,1618476541406,-11,-92
1618476541484,1618476541500,-7,-94
1618476541578,1618476541594,-10,-94
1618476541672,1618476541688,-13,-96
1618476541766,1618476541782,-11,-95
1618476541860,1618476541876,-9,-96
1618476541954,1618476541970,-7,-92
1618476542048,1618476542064,-8,-91
1618476542142,1618476542158,-5,-96
1618476542236,1618476542252,-8,-96
1618476542330,1618476542343,-8,-93
1618476542419,1618476542437,-10,-89
1618476542513,1618476542531,-7,-97
1618476542607,1618476542625,-8,-93
1618476542701,1618476542719,-7,-94
