1618477216246,1618477216248,376,234
1618477216340,1618477216342,379,235
1618477216434,1618477216436,380,234
1618477216528,1618477216532,381,234
1618477216619,1618477216625,376,233
1618477216714,1618477216718,378,235
1618477216809,1618477216811,379,235
1618477216904,1618477216904,380,235
1618477216999,1618477216997,378,236
1618477217094,1618477217090,376,237
1618477217189,1618477217183,380,234
1618477217284,1618477217276,380,237
1618477217379,1618477217369,380,234
1618477217474,1618477217462,379,233
1618477217569,1618477217555,379,236
1618477217664,1618477217648,378,236
1618477217759,1618477217746,380,237
1618477217853,1618477217840,380,233
1618477217947,1618477217934,385,236
1618477218041,1618477218028,380,232
1618477218135,1618477218122,373,236
1618477218229,1618477218216,379,236
1618477218323,1618477218310,380,234
1618477218417,1618477218404,379,233
1618477218511,1618477218498,379,234
1618477218605,1618477218592,381,235
1618477218699,1618477218686,380,235
1618477218793,1618477218780,376,237
1618477218887,1618477218874,380,234
1618477218981,1618477218964,380,237
1618477219072,1618477219058,378,235
1618477219166,1618477219152,373,237
1618477219260,1618477219246,381,237
1618477219354,1618477219340,376,237
1618477219448,1618477219434,381,236
1618477219542,1618477219528,376,234
1618477219636,1618477219622,379,234
1618477219730,1618477219716,380,236
1618477219824,1618477219810,380,233
1618477219918,1618477219904,379,236
1618477220012,1618477219998,377,235
1618477220106,1618477220092,378,235
1618477220200,1618477220184,376,234
1618477220292,1618477220278,379,234
1618477220386,1618477220372,379,236
1618477220480,1618477220466,380,234
1618477220574,1618477220560,380,233
1618477220668,1618477220654,379,237
1618477220762,1618477220748,379,234
1618477220856,1618477220842,381,230
1618477220950,1618477220936,382,233
1618477221044,1618477221030,379,235
1618477221138,1618477221124,376,233
1618477221232,1618477221218,377,234
1618477221326,1618477221312,377,234
1618477221420,1618477221402,379,234
1618477221509,1618477221496,379,233
1618477221603,1618477221590,375,234
1618477221697,1618477221684,377,230
1618477221791,1618477221778,375,231
1618477221885,1618477221872,377,237
1618477221979,1618477221966,374,234
1618477222073,1618477222060,373,236
1618477222167,1618477222154,375,234
1618477222261,1618477222248,374,236
1618477222355,1618477222342,374,241
1618477222449,1618477222436,373,235
1618477222543,1618477222530,371,235
1618477222637,1618477222621,369,234
1618477222731,1618477222715,361,234
1618477222825,1618477222809,344,233
1618477222919,1618477222903,329,233
1618477223013,1618477222997,310,235
1618477223107,1618477223091,331,232
1618477223201,1618477223185,357,236
1618477223295,1618477223279,354,233
1618477223389,1618477223373,404,234
1618477223483,1618477223467,408,231
1618477223577,1618477223561,367,233
1618477223671,1618477223655,343,235
1618477223765,1618477223749,334,231
1618477223859,1618477223842,296,239
1618477223949,1618477223936,286,233
1618477224043,1618477224030,263,234
1618477224137,1618477224124,333,230
1618477224231,1618477224218,408,229
1618477224325,1618477224312,458,230
1618477224419,1618477224406,469,228
1618477224513,1618477224500,459,225
1618477224607,1618477224594,451,217
1618477224701,1618477224688,433,167
1618477224795,1618477224782,416,161
1618477224889,1618477224876,403,187
1618477224983,1618477224970,398,208
1618477225077,1618477225058,394,261
1618477225168,1618477225152,389,295
1618477225262,1618477225246,387,222
1618477225356,1618477225340,386,186
1618477225450,1618477225434,386,170
1618477225544,1618477225528,383,133
1618477225638,1618477225622,382,144
1618477225732,1618477225716,382,169
1618477225826,1618477225810,380,286
1618477225920,1618477225904,378,274
1618477226014,1618477225998,379,326
1618477226108,1618477226092,380,315
1618477226202,1618477226186,380,310
1618477226296,1618477226280,380,301
1618477226385,1618477226374,378,284
1618477226479,1618477226468,382,269
1618477226573,1618477226562,381,261
1618477226667,1618477226656,380,253
1618477226761,1618477226750,380,248
1618477226855,1618477226844,381,243
1618477226949,1618477226938,380,240
1618477227043,1618477227032,379,241
1618477227137,1618477227126,379,241
1618477227231,1618477227220,379,237
1618477227325,1618477227314,381,240
1618477227419,1618477227408,379,236
1618477227513,1618477227498,381,236
1618477227604,1618477227592,381,237
1618477227698,1618477227686,377,234
1618477227792,1618477227780,380,236
1618477227886,1618477227874,380,234
1618477227980,1618477227968,379,239
1618477228074,1618477228062,378,234
1618477228168,1618477228156,380,235
1618477228262,1618477228250,377,236
1618477228356,1618477228344,380,235
1618477228450,1618477228438,380,236
1618477228544,1618477228532,377,234
1618477228638,1618477228626,378,237
1618477228732,1618477228725,380,234
1618477228824,1618477228819,380,233
1618477228918,1618477228913,380,235
1618477229012,1618477229007,380,236
1618477229106,1618477229101,376,236
1618477229200,1618477229195,379,237
1618477229294,1618477229289,380,235
1618477229388,1618477229383,379,234
1618477229482,1618477229477,379,234
1618477229576,1618477229571,378,237
1618477229670,1618477229665,377,236
1618477229764,1618477229759,380,235
1618477229858,1618477229853,379,234
1618477229952,1618477229943,380,235
1618477230042,1618477230037,379,236
1618477230136,1618477230131,383,233
1618477230230,1618477230225,378,234
1618477230324,1618477230319,379,235
1618477230418,1618477230413,381,234
1618477230512,1618477230507,380,234
1618477230606,1618477230601,377,236
1618477230700,1618477230695,381,235
1618477230794,1618477230789,380,234
1618477230888,1618477230883,376,236
1618477230982,1618477230977,378,236
1618477231076,1618477231071,379,239
1618477231170,1618477231161,382,237
1618477231261,1618477231255,377,234
1618477231355,1618477231349,376,236
1618477231449,1618477231443,377,236
1618477231543,1618477231537,377,236
1618477231637,1618477231631,384,236
1618477231731,1618477231725,380,234
1618477231825,1618477231819,383,233
1618477231919,1618477231913,377,235
1618477232013,1618477232007,383,235
1618477232107,1618477232101,379,235
1618477232201,1618477232195,380,235
1618477232295,1618477232289,378,237
1618477232389,1618477232378,380,237
1618477232479,1618477232472,379,233
1618477232573,1618477232566,380,236
1618477232667,1618477232660,377,236
1618477232761,1618477232754,380,235
1618477232855,1618477232848,379,236
1618477232949,1618477232942,379,236
1618477233043,1618477233036,376,236
1618477233137,1618477233130,386,235
1618477233231,1618477233224,379,234
1618477233325,1618477233318,380,237
1618477233419,1618477233412,380,237
1618477233513,1618477233506,379,237
1618477233607,1618477233597,379,236
