1618477987603,1618477987633,-13,-94
1618477987697,1618477987727,-19,-92
1618477987791,1618477987821,-14,-96
1618477987885,1618477987915,-15,-93
1618477987979,1618477988009,-16,-90
1618477988073,1618477988103,-15,-93
1618477988167,1618477988197,-15,-90
1618477988261,1618477988291,-14,-92
1618477988355,1618477988385,-15,-90
1618477988449,1618477988479,-16,-92
1618477988543,1618477988573,-15,-93
1618477988637,1618477988667,-12,-93
1618477988731,1618477988761,-16,-91
1618477988819,1618477988855,-17,-93
1618477988913,1618477988949,-15,-92
1618477989007,1618477989043,-18,-94
1618477989101,1618477989137,-15,-91
1618477989195,1618477989231,-18,-87
1618477989289,1618477989325,-15,-96
1618477989383,1618477989419,-15,-92
1618477989477,1618477989513,-18,-92
1618477989571,1618477989607,-17,-94
1618477989665,1618477989701,-15,-92
1618477989759,1618477989795,-16,-94
1618477989853,1618477989887,-15,-89
1618477989947,1618477989981,-17,-92
1618477990036,1618477990075,-17,-94
1618477990130,1618477990169,-17,-91
1618477990224,1618477990263,-16,-94
1618477990318,1618477990357,-18,-95
1618477990412,1618477990451,-18,-92
1618477990506,1618477990545,-17,-93
1618477990600,1618477990639,-15,-92
1618477990694,1618477990733,-17,-94
1618477990788,1618477990827,-17,-95
1618477990882,1618477990921,-16,-91
1618477990976,1618477991015,-15,-93
1618477991070,1618477991106,-17,-94
1618477991164,1618477991200,-16,-89
1618477991262,1618477991294,-20,-93
1618477991357,1618477991388,-16,-91
1618477991452,1618477991482,-15,-93
1618477991547,1618477991576,-16,-92
1618477991642,1618477991670,-18,-95
1618477991737,1618477991764,-15,-92
1618477991832,1618477991858,-16,-94
1618477991927,1618477991952,-20,-92
1618477992022,1618477992046,-18,-93
1618477992117,1618477992140,-17,-94
1618477992212,1618477992234,-15,-93
1618477992307,1618477992323,-17,-95
1618477992402,1618477992417,-15,-91
1618477992497,1618477992511,-16,-91
1618477992591,1618477992605,-16,-93
1618477992685,1618477992699,-15,-97
1618477992779,1618477992793,-18,-95
1618477992873,1618477992887,-15,-91
1618477992967,1618477992981,-17,-94
1618477993061,1618477993075,-17,-92
1618477993155,1618477993169,-15,-93
1618477993249,1618477993263,-14,-92
1618477993343,1618477993357,-15,-93
1618477993437,1618477993451,-17,-91
1618477993531,1618477993539,-17,-92
1618477993625,1618477993633,-17,-93
1618477993718,1618477993727,-17,-93
1618477993812,1618477993821,-15,-94
1618477993906,1618477993915,-19,-93
1618477994000,1618477994009,-15,-96
1618477994094,1618477994103,-16,-92
1618477994188,1618477994197,-15,-93
1618477994282,1618477994291,-15,-96
1618477994376,1618477994385,-15,-93
1618477994470,1618477994479,-15,-93
1618477994564,1618477994573,-15,-92
1618477994658,1618477994667,-18,-94
1618477994752,1618477994760,-15,-97
1618477994846,1618477994854,-18,-93
1618477994936,1618477994948,-16,-93
1618477995030,1618477995042,-16,-95
1618477995124,1618477995136,-18,-93
1618477995218,1618477995230,-16,-93
1618477995312,1618477995324,-13,-99
1618477995406,1618477995418,-20,-93
1618477995500,1618477995512,-17,-93
1618477995594,1618477995606,-15,-94
1618477995688,1618477995700,-14,-93
1618477995782,1618477995794,-15,-92
1618477995876,1618477995888,-18,-94
1618477995970,1618477995980,-15,-92
1618477996064,1618477996074,-15,-94
1618477996154,1618477996168,-14,-89
1618477996248,1618477996262,-11,-92
1618477996342,1618477996356,-13,-92
1618477996436,1618477996450,-10,-93
1618477996530,1618477996544,-3,-90
1618477996624,1618477996638,-1,-92
1618477996718,1618477996732,5,-92
1618477996812,1618477996826,15,-96
1618477996906,1618477996920,39,-89
1618477997000,1618477997014,68,-91
1618477997094,1618477997108,55,-92
1618477997188,1618477997199,28,-90
1618477997282,1618477997293,-46,-87
1618477997371,1618477997387,-136,-88
1618477997465,1618477997481,-65,-86
1618477997559,1618477997575,-27,-81
1618477997653,1618477997669,72,-78
1618477997747,1618477997763,-97,-67
1618477997841,1618477997857,-6,-48
1618477997935,1618477997951,-36,-18
1618477998029,1618477998045,-38,-11
1618477998123,1618477998139,-32,-92
1618477998217,1618477998233,-28,-117
1618477998311,1618477998327,-24,-219
1618477998405,1618477998418,-19,-157
1618477998499,1618477998512,-20,-118
1618477998591,1618477998606,-22,-12
1618477998685,1618477998700,-18,-55
1618477998779,1618477998794,-16,-132
1618477998873,1618477998888,-18,-114
1618477998967,1618477998982,-18,-118
1618477999061,1618477999076,-16,-113
1618477999155,1618477999170,-17,-106
1618477999249,1618477999264,-17,-102
1618477999343,1618477999358,-15,-98
1618477999437,1618477999452,-15,-97
1618477999531,1618477999546,-18,-96
1618477999625,1618477999634,-16,-97
1618477999719,1618477999728,-15,-97
1618477999811,1618477999822,-17,-95
1618477999905,1618477999916,-15,-92
1618477999999,1618478000010,-15,-94
1618478000093,1618478000104,-15,-94
1618478000187,1618478000198,-16,-93
1618478000281,1618478000292,-17,-95
1618478000375,1618478000386,-20,-94
1618478000469,1618478000480,-15,-94
1618478000563,1618478000574,-15,-95
1618478000657,1618478000668,-15,-92
1618478000751,1618478000762,-19,-97
1618478000845,1618478000854,-17,-93
1618478000939,1618478000948,-17,-96
1618478001034,1618478001042,-16,-92
1618478001127,1618478001136,-16,-93
1618478001220,1618478001230,-18,-94
1618478001313,1618478001324,-16,-94
1618478001406,1618478001418,-19,-92
1618478001499,1618478001512,-17,-97
1618478001592,1618478001606,-15,-95
1618478001685,1618478001700,-17,-95
1618478001778,1618478001794,-18,-94
1618478001871,1618478001888,-19,-93
1618478001964,1618478001982,-16,-92
1618478002057,1618478002071,-16,-92
1618478002150,1618478002165,-15,-90
1618478002247,1618478002259,-16,-97
1618478002341,1618478002353,-15,-95
1618478002435,1618478002447,-14,-94
1618478002529,1618478002541,-18,-95
1618478002623,1618478002635,-17,-93
1618478002717,1618478002729,-16,-92
1618478002811,1618478002823,-16,-92
1618478002905,1618478002917,-19,-93
1618478002999,1618478003011,-16,-95
1618478003093,1618478003105,-17,-97
1618478003187,1618478003199,-15,-93
1618478003281,1618478003292,-16,-94
1618478003375,1618478003386,-15,-93
1618478003468,1618478003480,-17,-94
1618478003562,1618478003574,-15,-93
1618478003656,1618478003668,-18,-92
1618478003750,1618478003762,-15,-91
1618478003844,1618478003856,-18,-95
1618478003938,1618478003950,-15,-94
1618478004032,1618478004044,-16,-92
1618478004126,1618478004138,-18,-94
1618478004220,1618478004232,-17,-93
1618478004314,1618478004326,-16,-94
1618478004408,1618478004420,-16,-94
1618478004502,1618478004511,-19,-95
1618478004596,1618478004605,-16,-93
1618478004687,1618478004699,-19,-93
1618478004781,1618478004793,-19,-93
1618478004875,1618478004887,-18,-96
1618478004969,1618478004981,-18,-95
1618478005063,1618478005075,-16,-93
1618478005157,1618478005169,-15,-97
1618478005251,1618478005263,-20,-95
1618478005345,1618478005357,-22,-94
1618478005439,1618478005451,-16,-97
1618478005533,1618478005545,-17,-93
1618478005627,1618478005639,-15,-95
1618478005721,1618478005730,-18,-95
1618478005815,1618478005824,-15,-96
1618478005904,1618478005918,-15,-97
1618478005998,1618478006012,-17,-97
