1618476731217,1618476731220,260,228
1618476731311,1618476731313,256,231
1618476731405,1618476731406,261,229
1618476731499,1618476731499,261,230
1618476731593,1618476731592,260,228
1618476731687,1618476731691,261,230
1618476731780,1618476731785,260,233
1618476731874,1618476731879,261,230
1618476731968,1618476731973,260,230
1618476732062,1618476732067,260,229
1618476732156,1618476732161,259,230
1618476732250,1618476732255,261,228
1618476732344,1618476732349,258,229
1618476732438,1618476732443,261,227
1618476732532,1618476732537,259,229
1618476732626,1618476732631,263,230
1618476732720,1618476732725,261,229
1618476732814,1618476732819,260,230
1618476732908,1618476732910,261,226
1618476732998,1618476733004,260,230
1618476733092,1618476733098,262,225
1618476733186,1618476733192,260,230
1618476733280,1618476733286,262,229
1618476733374,1618476733380,262,230
1618476733468,1618476733474,259,230
1618476733562,1618476733568,261,229
1618476733656,1618476733662,263,228
1618476733750,1618476733756,260,236
1618476733844,1618476733850,261,230
1618476733938,1618476733944,260,229
1618476734032,1618476734038,261,230
1618476734126,1618476734130,265,229
1618476734214,1618476734224,260,227
1618476734308,1618476734318,260,230
1618476734402,1618476734412,262,230
1618476734496,1618476734506,263,229
1618476734590,1618476734600,260,233
1618476734684,1618476734694,260,231
1618476734778,1618476734788,261,231
1618476734872,1618476734882,263,229
1618476734966,1618476734976,260,229
1618476735060,1618476735070,260,226
1618476735154,1618476735164,261,229
1618476735248,1618476735258,260,230
1618476735342,1618476735349,261,230
1618476735437,1618476735443,261,228
1618476735531,1618476735537,265,230
1618476735625,1618476735631,269,228
1618476735719,1618476735725,264,229
1618476735813,1618476735819,265,230
1618476735907,1618476735913,260,229
1618476736001,1618476736007,260,230
1618476736095,1618476736101,261,229
1618476736189,1618476736195,262,231
1618476736283,1618476736289,260,227
1618476736377,1618476736383,260,227
1618476736471,1618476736477,260,230
1618476736565,1618476736567,260,230
1618476736654,1618476736661,262,228
1618476736748,1618476736755,262,229
1618476736842,1618476736849,262,230
1618476736936,1618476736943,264,230
1618476737030,1618476737037,260,231
1618476737124,1618476737131,265,230
1618476737218,1618476737225,261,230
1618476737312,1618476737319,261,229
1618476737406,1618476737413,262,230
1618476737500,1618476737507,263,227
1618476737594,1618476737601,262,230
1618476737688,1618476737695,262,230
1618476737782,1618476737786,261,229
1618476737873,1618476737880,263,228
1618476737967,1618476737974,260,230
1618476738061,1618476738068,262,230
1618476738155,1618476738162,265,229
1618476738249,1618476738256,260,231
1618476738343,1618476738350,261,230
1618476738437,1618476738444,260,228
1618476738531,1618476738538,261,229
1618476738625,1618476738632,262,227
1618476738719,1618476738726,260,228
1618476738813,1618476738820,260,231
1618476738907,1618476738914,260,230
1618476739001,1618476739006,264,230
1618476739092,1618476739100,259,236
1618476739186,1618476739194,260,230
1618476739280,1618476739288,262,229
1618476739374,1618476739382,258,227
1618476739468,1618476739476,262,228
1618476739562,1618476739570,261,230
1618476739656,1618476739664,259,229
1618476739750,1618476739758,261,228
1618476739844,1618476739852,258,229
1618476739938,1618476739946,259,230
1618476740032,1618476740040,258,230
1618476740126,1618476740134,263,229
1618476740220,1618476740225,259,229
1618476740310,1618476740319,261,229
1618476740404,1618476740413,263,227
1618476740498,1618476740507,272,227
1618476740592,1618476740601,295,234
1618476740686,1618476740695,356,230
1618476740780,1618476740789,446,228
1618476740874,1618476740883,492,230
1618476740968,1618476740977,477,229
1618476741062,1618476741071,325,229
1618476741156,1618476741165,211,227
1618476741250,1618476741259,228,230
1618476741344,1618476741353,224,223
1618476741438,1618476741451,401,225
1618476741530,1618476741546,301,236
1618476741625,1618476741641,277,243
1618476741720,1618476741736,277,285
1618476741815,1618476741831,263,385
1618476741910,1618476741926,263,479
1618476742005,1618476742021,260,442
1618476742100,1618476742116,262,182
1618476742195,1618476742211,260,190
1618476742290,1618476742306,265,204
1618476742385,1618476742401,260,385
1618476742480,1618476742496,260,280
1618476742575,1618476742591,267,247
1618476742670,1618476742685,260,243
1618476742769,1618476742779,260,231
1618476742862,1618476742873,262,231
1618476742955,1618476742967,263,228
1618476743048,1618476743061,261,228
1618476743141,1618476743155,262,234
1618476743234,1618476743249,264,229
1618476743327,1618476743343,261,228
1618476743420,1618476743437,264,229
1618476743513,1618476743531,261,231
1618476743606,1618476743625,265,231
1618476743699,1618476743719,263,229
1618476743792,1618476743813,264,230
1618476743885,1618476743903,262,229
1618476743981,1618476743997,264,228
1618476744075,1618476744091,264,226
1618476744169,1618476744185,263,228
1618476744263,1618476744279,262,230
1618476744357,1618476744373,264,228
1618476744451,1618476744467,262,229
1618476744545,1618476744561,265,231
1618476744639,1618476744655,260,230
1618476744733,1618476744749,260,230
1618476744827,1618476744843,262,230
1618476744921,1618476744937,261,225
1618476745015,1618476745031,260,228
1618476745109,1618476745123,266,235
1618476745207,1618476745217,266,230
1618476745301,1618476745311,261,226
1618476745395,1618476745405,263,230
1618476745489,1618476745499,261,230
1618476745583,1618476745593,265,229
1618476745677,1618476745687,263,229
1618476745771,1618476745781,262,231
1618476745865,1618476745875,263,227
1618476745959,1618476745969,260,226
1618476746053,1618476746063,261,229
1618476746147,1618476746157,261,228
1618476746241,1618476746251,260,228
1618476746335,1618476746341,262,233
1618476746428,1618476746435,263,230
1618476746522,1618476746529,266,229
1618476746616,1618476746623,261,232
1618476746710,1618476746717,261,230
1618476746804,1618476746811,261,229
1618476746898,1618476746905,261,230
1618476746992,1618476746999,263,234
1618476747086,1618476747093,260,227
1618476747180,1618476747187,261,230
1618476747274,1618476747281,261,230
1618476747368,1618476747375,262,230
1618476747462,1618476747469,265,234
1618476747556,1618476747564,262,230
1618476747646,1618476747659,261,228
1618476747740,1618476747754,261,230
1618476747834,1618476747849,260,230
1618476747928,1618476747944,264,230
1618476748022,1618476748039,264,230
1618476748116,1618476748134,263,234
1618476748210,1618476748229,259,228
1618476748304,1618476748324,261,227
1618476748398,1618476748419,260,230
1618476748492,1618476748514,263,233
1618476748586,1618476748609,261,230
1618476748680,1618476748704,263,230
1618476748774,1618476748796,262,230
1618476748873,1618476748890,262,229
1618476748968,1618476748984,262,231
1618476749063,1618476749078,263,228
1618476749158,1618476749172,260,232
1618476749253,1618476749266,262,226
1618476749348,1618476749360,265,227
1618476749443,1618476749454,262,230
