1610679316738,1610679316701,428,322
1610679316832,1610679316795,425,322
1610679316926,1610679316889,423,321
1610679317020,1610679316983,425,320
1610679317109,1610679317077,425,322
1610679317203,1610679317171,425,325
1610679317297,1610679317265,423,321
1610679317391,1610679317359,423,320
1610679317485,1610679317453,422,321
1610679317579,1610679317544,425,321
1610679317673,1610679317638,421,322
1610679317767,1610679317732,421,320
1610679317861,1610679317826,427,324
1610679317955,1610679317920,423,324
1610679318049,1610679318014,424,323
1610679318143,1610679318108,425,325
1610679318237,1610679318202,424,321
1610679318328,1610679318296,424,325
1610679318422,1610679318390,422,324
1610679318516,1610679318484,425,324
1610679318610,1610679318578,425,323
1610679318704,1610679318672,421,323
1610679318798,1610679318765,421,321
1610679318892,1610679318860,424,322
1610679318986,1610679318955,425,321
1610679319080,1610679319050,422,322
1610679319174,1610679319145,425,322
1610679319268,1610679319240,422,322
1610679319362,1610679319335,428,323
1610679319456,1610679319430,423,325
1610679319547,1610679319525,424,323
1610679319641,1610679319620,424,324
1610679319735,1610679319715,423,320
1610679319829,1610679319810,425,323
1610679319923,1610679319905,424,324
1610679320017,1610679319999,425,323
1610679320111,1610679320093,421,321
1610679320205,1610679320187,425,323
1610679320299,1610679320281,423,323
1610679320393,1610679320375,422,322
1610679320487,1610679320469,423,323
1610679320581,1610679320563,422,320
1610679320675,1610679320657,421,322
1610679320765,1610679320751,425,322
1610679320859,1610679320845,421,321
1610679320953,1610679320939,423,325
1610679321047,1610679321033,424,320
1610679321141,1610679321127,424,320
1610679321235,1610679321217,425,324
1610679321329,1610679321312,423,324
1610679321423,1610679321407,424,324
1610679321517,1610679321502,422,325
1610679321611,1610679321597,423,320
1610679321705,1610679321692,424,321
1610679321799,1610679321787,423,324
1610679321893,1610679321882,424,322
1610679321988,1610679321977,424,324
1610679322082,1610679322072,422,324
1610679322176,1610679322167,424,322
1610679322270,1610679322262,424,320
1610679322364,1610679322357,424,324
1610679322458,1610679322453,424,324
1610679322552,1610679322547,425,323
1610679322646,1610679322641,424,321
1610679322740,1610679322735,424,325
1610679322834,1610679322829,422,323
1610679322928,1610679322923,424,325
1610679323022,1610679323017,424,324
1610679323116,1610679323111,422,322
1610679323213,1610679323205,424,320
1610679323307,1610679323299,424,320
1610679323401,1610679323393,423,324
1610679323495,1610679323487,425,321
1610679323589,1610679323581,423,324
1610679323683,1610679323672,420,325
1610679323777,1610679323767,425,320
1610679323871,1610679323862,422,322
1610679323965,1610679323957,423,321
1610679324059,1610679324052,424,321
1610679324153,1610679324147,424,323
1610679324247,1610679324242,422,324
1610679324341,1610679324337,431,325
1610679324430,1610679324432,425,323
1610679324525,1610679324527,423,329
1610679324620,1610679324622,425,322
1610679324715,1610679324717,426,325
1610679324810,1610679324812,426,323
1610679324905,1610679324904,423,322
1610679325000,1610679324998,424,323
1610679325095,1610679325092,427,320
1610679325190,1610679325186,426,325
1610679325285,1610679325280,425,321
1610679325380,1610679325374,427,325
1610679325475,1610679325468,430,325
1610679325570,1610679325562,432,323
1610679325666,1610679325656,449,321
1610679325760,1610679325750,451,325
1610679325854,1610679325844,487,325
1610679325948,1610679325938,282,325
1610679326042,1610679326032,448,321
1610679326136,1610679326123,66,324
1610679326230,1610679326217,-20,325
1610679326324,1610679326311,93,326
1610679326418,1610679326405,262,328
1610679326512,1610679326499,434,332
1610679326606,1610679326593,462,342
1610679326700,1610679326687,445,370
1610679326794,1610679326781,428,349
1610679326882,1610679326875,428,301
1610679326977,1610679326969,427,2
1610679327072,1610679327063,425,-147
1610679327167,1610679327157,430,82
1610679327262,1610679327251,423,294
1610679327357,1610679327340,425,362
1610679327452,1610679327435,425,338
1610679327547,1610679327530,425,332
1610679327642,1610679327625,426,327
1610679327737,1610679327720,424,326
1610679327832,1610679327815,424,323
1610679327927,1610679327910,425,322
1610679328022,1610679328005,424,325
1610679328118,1610679328100,425,323
1610679328212,1610679328195,424,324
1610679328306,1610679328290,423,325
1610679328400,1610679328385,424,320
1610679328494,1610679328480,425,323
1610679328588,1610679328577,420,326
1610679328682,1610679328672,430,323
1610679328776,1610679328767,425,324
1610679328870,1610679328862,425,329
1610679328964,1610679328957,422,322
1610679329058,1610679329052,425,322
1610679329152,1610679329147,421,321
1610679329246,1610679329242,422,320
1610679329335,1610679329337,425,321
1610679329430,1610679329432,424,322
1610679329525,1610679329527,425,322
1610679329620,1610679329622,424,322
1610679329715,1610679329717,422,323
1610679329810,1610679329812,426,325
1610679329905,1610679329906,423,323
1610679330000,1610679330000,425,320
1610679330095,1610679330094,423,320
1610679330190,1610679330188,422,322
1610679330285,1610679330282,430,322
1610679330380,1610679330376,421,323
1610679330475,1610679330470,421,322
1610679330570,1610679330564,422,331
1610679330664,1610679330658,423,320
1610679330758,1610679330752,422,322
1610679330852,1610679330846,425,322
1610679330946,1610679330940,425,324
1610679331040,1610679331031,423,321
1610679331134,1610679331125,424,324
1610679331228,1610679331219,425,322
1610679331322,1610679331313,423,322
1610679331416,1610679331407,423,321
1610679331510,1610679331501,425,322
1610679331604,1610679331595,421,325
1610679331698,1610679331689,420,321
1610679331791,1610679331783,424,320
1610679331886,1610679331877,420,321
1610679331981,1610679331971,424,327
1610679332076,1610679332065,422,321
1610679332171,1610679332159,421,321
1610679332266,1610679332248,425,325
1610679332361,1610679332343,423,321
1610679332456,1610679332438,423,324
1610679332551,1610679332533,423,325
1610679332646,1610679332628,428,325
1610679332741,1610679332723,424,320
1610679332836,1610679332818,422,321
1610679332931,1610679332913,425,320
1610679333023,1610679333008,424,324
1610679333117,1610679333103,423,323
1610679333211,1610679333198,425,323
1610679333305,1610679333293,425,321
1610679333399,1610679333388,425,320
1610679333493,1610679333483,425,322
1610679333587,1610679333578,423,324
1610679333681,1610679333673,424,321
1610679333775,1610679333768,424,321
1610679333869,1610679333863,422,321
1610679333963,1610679333958,421,323
1610679334057,1610679334053,424,322
1610679334151,1610679334148,425,324
1610679334241,1610679334243,422,323
1610679334336,1610679334338,424,322
1610679334431,1610679334433,423,322
1610679334526,1610679334528,421,329
1610679334621,1610679334623,424,324
1610679334716,1610679334718,423,322
