1618477089853,1618477089842,263,231
1618477089947,1618477089936,260,228
1618477090041,1618477090030,262,228
1618477090135,1618477090124,261,229
1618477090229,1618477090218,264,230
1618477090323,1618477090309,262,229
1618477090417,1618477090404,261,229
1618477090511,1618477090499,260,231
1618477090605,1618477090594,262,228
1618477090699,1618477090689,260,230
1618477090793,1618477090784,262,230
1618477090882,1618477090879,261,228
1618477090976,1618477090974,260,229
1618477091070,1618477091069,263,230
1618477091164,1618477091164,266,230
1618477091258,1618477091259,264,229
1618477091352,1618477091354,264,230
1618477091446,1618477091449,261,229
1618477091540,1618477091543,261,230
1618477091634,1618477091637,262,228
1618477091728,1618477091731,263,228
1618477091822,1618477091825,262,230
1618477091916,1618477091919,262,227
1618477092010,1618477092013,263,228
1618477092101,1618477092107,260,232
1618477092195,1618477092201,262,228
1618477092289,1618477092295,262,229
1618477092383,1618477092389,262,230
1618477092477,1618477092483,261,230
1618477092571,1618477092577,266,228
1618477092665,1618477092671,260,230
1618477092759,1618477092761,264,227
1618477092853,1618477092855,264,230
1618477092947,1618477092949,262,228
1618477093041,1618477093043,262,231
1618477093135,1618477093137,260,227
1618477093229,1618477093231,262,230
1618477093319,1618477093325,263,228
1618477093413,1618477093419,263,230
1618477093507,1618477093513,263,230
1618477093601,1618477093607,264,229
1618477093695,1618477093701,263,227
1618477093789,1618477093795,263,232
1618477093883,1618477093889,261,230
1618477093977,1618477093981,263,227
1618477094071,1618477094075,267,230
1618477094165,1618477094169,265,229
1618477094259,1618477094263,260,229
1618477094353,1618477094357,265,229
1618477094447,1618477094451,261,233
1618477094539,1618477094545,263,227
1618477094633,1618477094639,262,226
1618477094727,1618477094733,261,230
1618477094821,1618477094827,264,230
1618477094915,1618477094921,265,229
1618477095009,1618477095015,262,229
1618477095103,1618477095109,260,230
1618477095197,1618477095199,260,232
1618477095291,1618477095293,260,229
1618477095385,1618477095387,262,228
1618477095479,1618477095481,262,227
1618477095573,1618477095575,267,228
1618477095667,1618477095669,261,230
1618477095757,1618477095763,260,228
1618477095851,1618477095857,262,228
1618477095945,1618477095951,261,235
1618477096039,1618477096045,261,229
1618477096133,1618477096139,265,226
1618477096227,1618477096233,264,227
1618477096321,1618477096327,259,231
1618477096415,1618477096417,261,228
1618477096509,1618477096511,262,228
1618477096603,1618477096605,260,225
1618477096697,1618477096699,261,229
1618477096791,1618477096793,260,229
1618477096885,1618477096887,263,228
1618477096978,1618477096981,261,226
1618477097072,1618477097075,266,228
1618477097166,1618477097169,261,230
1618477097260,1618477097263,261,225
1618477097354,1618477097357,263,227
1618477097448,1618477097451,262,227
1618477097542,1618477097545,260,230
1618477097636,1618477097636,264,228
1618477097730,1618477097730,260,230
1618477097824,1618477097824,260,231
1618477097918,1618477097918,262,230
1618477098012,1618477098012,262,229
1618477098106,1618477098106,261,229
1618477098195,1618477098200,262,228
1618477098289,1618477098294,261,230
1618477098383,1618477098388,261,230
1618477098477,1618477098482,264,231
1618477098571,1618477098576,260,234
1618477098665,1618477098670,261,248
1618477098759,1618477098764,261,262
1618477098853,1618477098856,261,260
1618477098947,1618477098950,260,291
1618477099041,1618477099044,261,243
1618477099135,1618477099138,260,283
1618477099229,1618477099232,261,422
1618477099323,1618477099326,262,434
1618477099415,1618477099420,260,324
1618477099509,1618477099514,260,223
1618477099603,1618477099608,260,162
1618477099697,1618477099702,261,150
1618477099791,1618477099796,261,181
1618477099885,1618477099890,260,171
1618477099979,1618477099984,262,200
1618477100073,1618477100075,265,307
1618477100167,1618477100169,260,440
1618477100261,1618477100263,265,640
1618477100355,1618477100357,263,596
1618477100449,1618477100451,264,513
1618477100543,1618477100545,262,427
1618477100635,1618477100639,267,348
1618477100754,1618477100733,263,326
1618477100873,1618477100827,275,298
1618477100992,1618477100921,309,273
1618477101111,1618477101015,332,251
1618477101230,1618477101109,405,240
1618477101349,1618477101203,334,233
1618477101468,1618477101293,282,231
1618477101587,1618477101387,377,227
1618477101706,1618477101481,398,227
1618477101825,1618477101575,341,225
1618477101944,1618477101669,281,225
1618477102063,1618477101763,249,228
1618477102180,1618477101857,220,227
1618477102250,1618477101951,238,226
1618477102320,1618477102045,255,225
1618477102390,1618477102139,320,226
1618477102460,1618477102233,383,227
1618477102530,1618477102327,496,226
1618477102600,1618477102421,640,227
1618477102670,1618477102511,549,228
1618477102740,1618477102605,525,223
1618477102810,1618477102699,465,229
1618477102880,1618477102793,388,229
1618477102950,1618477102887,364,228
1618477103020,1618477102981,339,229
1618477103089,1618477103075,309,228
1618477103183,1618477103169,290,226
1618477103277,1618477103263,279,228
1618477103371,1618477103357,269,230
1618477103465,1618477103451,265,228
1618477103559,1618477103545,264,223
1618477103653,1618477103639,260,230
1618477103747,1618477103732,258,228
1618477103841,1618477103826,260,228
1618477103935,1618477103920,260,229
1618477104029,1618477104014,259,229
1618477104123,1618477104108,259,230
1618477104217,1618477104202,260,229
1618477104307,1618477104296,260,230
1618477104402,1618477104390,259,226
1618477104497,1618477104484,259,228
1618477104592,1618477104578,257,229
1618477104687,1618477104672,262,228
1618477104782,1618477104766,258,230
1618477104877,1618477104860,260,227
1618477104972,1618477104949,259,230
1618477105067,1618477105043,261,229
1618477105162,1618477105137,259,231
1618477105257,1618477105231,261,226
1618477105352,1618477105325,258,229
1618477105447,1618477105419,262,226
1618477105540,1618477105513,259,229
1618477105634,1618477105607,260,229
1618477105728,1618477105701,260,229
1618477105822,1618477105795,261,230
1618477105916,1618477105889,260,229
1618477106010,1618477105983,258,227
1618477106104,1618477106077,260,230
1618477106198,1618477106168,260,228
1618477106292,1618477106262,260,226
1618477106386,1618477106356,260,230
1618477106480,1618477106450,262,227
1618477106574,1618477106544,263,230
1618477106668,1618477106638,260,229
1618477106760,1618477106732,260,230
1618477106854,1618477106826,264,225
1618477106948,1618477106920,263,232
1618477107042,1618477107014,261,230
1618477107136,1618477107108,259,228
1618477107230,1618477107202,263,231
1618477107324,1618477107296,260,228
1618477107418,1618477107389,261,228
1618477107512,1618477107483,260,229
1618477107606,1618477107577,258,228
1618477107700,1618477107671,260,230
1618477107794,1618477107765,261,223
1618477107888,1618477107859,260,228
1618477107979,1618477107953,260,228
1618477108072,1618477108047,265,230
1618477108165,1618477108141,263,230
1618477108258,1618477108235,258,227
1618477108351,1618477108329,258,229
1618477108444,1618477108423,261,229
1618477108537,1618477108517,262,229
1618477108630,1618477108610,260,227
1618477108723,1618477108704,260,228
1618477108816,1618477108798,260,227
1618477108909,1618477108892,260,229
1618477109002,1618477108986,265,230
1618477109095,1618477109080,262,224
1618477109193,1618477109174,260,228
1618477109287,1618477109268,261,229
1618477109381,1618477109362,260,229
1618477109475,1618477109456,260,228
1618477109569,1618477109550,266,229
1618477109663,1618477109644,260,229
1618477109757,1618477109738,262,227
1618477109851,1618477109833,261,230
1618477109945,1618477109927,260,230
1618477110039,1618477110021,259,223
1618477110133,1618477110115,261,232
1618477110227,1618477110209,260,228
1618477110321,1618477110303,260,227
1618477110413,1618477110397,261,226
1618477110507,1618477110491,260,229
1618477110601,1618477110585,260,227
1618477110695,1618477110679,259,230
1618477110789,1618477110773,267,231
1618477110883,1618477110867,260,230
1618477110977,1618477110961,264,228
1618477111071,1618477111051,266,228
1618477111165,1618477111145,264,231
1618477111259,1618477111239,260,230
1618477111353,1618477111333,264,227
1618477111447,1618477111427,260,227
1618477111541,1618477111521,261,229
1618477111634,1618477111615,261,230
1618477111729,1618477111709,260,227
NaN,1618477111803,NaN,227
