2003	1618477255708	347.64819673
2004	1618477255802	376.96766178
2005	1618477255896	389.22529666
2006	1618477255990	398.06958981
2007	1618477256084	387.40604171
2008	1618477256178	376.50951746
2009	1618477256272	396.19040944
2010	1618477256366	372.44670102
2011	1618477256460	378.53883660
2012	1618477256554	382.45766150
2013	1618477256648	365.38233395
2014	1618477256742	382.41531652
2015	1618477256835	375.34702309
2016	1618477256929	380.17766397
2017	1618477257023	373.38328162
2018	1618477257117	403.66825063
2019	1618477257211	383.92019139
2020	1618477257305	373.69777213
2021	1618477257399	377.75918482
2022	1618477257493	368.31622385
2023	1618477257587	387.84335435
2024	1618477257681	388.71643701
2025	1618477257775	384.03751377
2026	1618477257869	374.99206194
2027	1618477257963	414.14952033
2028	1618477258052	372.07215412
2029	1618477258146	365.19805339
2030	1618477258240	376.60064117
2031	1618477258334	384.03142600
2032	1618477258428	369.06455940
2033	1618477258522	372.40949565
2034	1618477258616	382.88166668
2035	1618477258710	370.97296914
2036	1618477258804	379.20894868
2037	1618477258898	370.32419690
2038	1618477258992	387.38957004
2039	1618477259086	370.61034439
2040	1618477259180	398.07252153
2041	1618477259271	359.27615082
2042	1618477259365	390.91265309
2043	1618477259459	353.23952920
2044	1618477259553	394.81738214
2045	1618477259647	396.54583368
2046	1618477259741	380.52288750
2047	1618477259835	374.15533550
2048	1618477259929	380.68234087
2049	1618477260023	367.00396932
2050	1618477260117	389.02794240
2051	1618477260211	399.94681884
2052	1618477260305	375.60025540
2053	1618477260399	378.93349785
2054	1618477260488	363.81720754
2055	1618477260582	401.01414263
2056	1618477260676	393.42990226
2057	1618477260770	417.31141310
2058	1618477260864	446.46831425
2059	1618477260958	457.32713456
2060	1618477261052	344.23674970
2061	1618477261146	296.94164819
2062	1618477261240	282.05225294
2063	1618477261334	354.50096114
2064	1618477261428	381.17502336
2065	1618477261522	428.48823967
2066	1618477261616	295.06112408
2067	1618477261708	354.91426814
2068	1618477261802	352.86857599
2069	1618477261896	366.76382012
2070	1618477261990	383.48713770
2071	1618477262084	358.19686391
2072	1618477262178	397.03933925
2073	1618477262272	371.62001225
2074	1618477262366	369.86034521
2075	1618477262460	360.82579522
2076	1618477262554	390.72905594
2077	1618477262648	385.12138849
2078	1618477262742	399.37409724
2079	1618477262836	388.24581933
2080	1618477262927	361.37348375
2081	1618477263021	376.11674167
2082	1618477263115	401.44395058
2083	1618477263209	375.62957239
2084	1618477263303	388.70232758
2085	1618477263397	382.77939166
2086	1618477263491	376.76246917
2087	1618477263585	371.15463971
2088	1618477263679	379.90940548
2089	1618477263773	395.03996188
2090	1618477263867	381.48661245
2091	1618477263961	393.48574689
2092	1618477264055	374.41034945
2093	1618477264145	365.64950025
2094	1618477264239	372.58170007
2095	1618477264333	368.34320465
2096	1618477264427	367.79301423
2097	1618477264521	375.58257097
2098	1618477264615	393.56624568
2099	1618477264709	377.08903217
2100	1618477264803	367.37413816
2101	1618477264897	373.36824163
2102	1618477264991	378.75388443
2103	1618477265085	375.89757444
2104	1618477265179	368.73024365
2105	1618477265273	375.65642057
2106	1618477265364	358.93960441
2107	1618477265458	361.22264505
2108	1618477265552	361.94425659
2109	1618477265646	401.90625054
2110	1618477265740	393.10693295
2111	1618477265834	375.10289395
2112	1618477265928	393.59469272
2113	1618477266022	368.66566286
2114	1618477266116	344.19064916
2115	1618477266210	397.32059790
2116	1618477266304	372.79782823
2117	1618477266398	367.98912786
2118	1618477266492	375.08229524
2119	1618477266584	401.10608545
2120	1618477266678	377.41366138
2121	1618477266772	412.39053192
2122	1618477266866	377.75223301
2123	1618477266960	354.83719365
2124	1618477267054	402.61428682
2125	1618477267148	365.94772325
2126	1618477267242	380.26864313
2127	1618477267336	361.00355012
2128	1618477267430	375.63499384
2129	1618477267524	372.02188242
2130	1618477267618	382.51877678
2131	1618477267712	387.47020892
2132	1618477267803	380.30467654
2133	1618477267897	374.50216093
2134	1618477267991	376.45924796
2135	1618477268085	385.28064640
2136	1618477268179	394.78091741
2137	1618477268273	395.01483973
2138	1618477268367	386.03443565
2139	1618477268461	373.38504075
2140	1618477268555	369.38226975
2141	1618477268649	361.57229539
2142	1618477268743	391.58457491
2143	1618477268837	413.45398157
2144	1618477268931	350.41277532
2145	1618477269020	386.45232450
2146	1618477269114	389.04856119
2147	1618477269208	375.81704249
2148	1618477269302	390.90293570
2149	1618477269396	369.50369867
2150	1618477269490	392.00033947
2151	1618477269584	375.52676833
2152	1618477269678	378.90237008
2153	1618477269772	391.69186530
2154	1618477269866	410.45003128
2155	1618477269960	395.91427196
2156	1618477270054	351.54002968
2157	1618477270148	367.49865078
2158	1618477270242	364.78560152
2159	1618477270336	359.67530106
2160	1618477270430	359.68275981
2161	1618477270524	399.72954795
2162	1618477270618	384.21376259
2163	1618477270712	385.96845216
2164	1618477270806	388.71836767
2165	1618477270900	375.50218857
2166	1618477270994	343.30213945
2167	1618477271088	344.65525344
2168	1618477271182	322.79218072
2169	1618477271276	294.09083675
2170	1618477271370	355.17761284
2171	1618477271460	358.92651338
2172	1618477271554	310.46466350
2173	1618477271648	395.17939924
2174	1618477271742	384.25691921
2175	1618477271836	339.50125343
2176	1618477271930	366.13717894
2177	1618477272024	316.19648847
2178	1618477272118	247.46034578
2179	1618477272212	330.18878648
2180	1618477272306	269.43488709
2181	1618477272400	408.57538275
2182	1618477272494	417.31591867
2183	1618477272588	467.30707981
2184	1618477272677	457.44550476
2185	1618477272771	477.38542049
2186	1618477272865	450.81212964
2187	1618477272959	406.16671318
2188	1618477273053	430.30970241
2189	1618477273147	399.63117301
2190	1618477273241	397.24033887
2191	1618477273335	400.55019021
2192	1618477273429	428.76340467
2193	1618477273523	388.32452307
2194	1618477273617	383.93495849
2195	1618477273711	376.46078157
2196	1618477273805	380.59334074
2197	1618477273899	388.16080648
2198	1618477273993	391.28794300
2199	1618477274087	379.05288621
2200	1618477274181	392.35379686
2201	1618477274275	379.17026907
2202	1618477274369	369.97825825
2203	1618477274463	393.07726153
2204	1618477274557	381.23758793
2205	1618477274651	374.19706944
2206	1618477274745	361.93049046
2207	1618477274839	385.57938821
2208	1618477274933	380.32636551
2209	1618477275027	356.06947937
2210	1618477275118	351.72994608
2211	1618477275212	390.50611029
2212	1618477275306	375.59616185
2213	1618477275400	390.45501803
2214	1618477275494	386.68725655
2215	1618477275588	355.21992211
2216	1618477275682	335.13764536
2217	1618477275776	378.16556690
2218	1618477275870	370.05256649
2219	1618477275964	381.98929582
2220	1618477276058	401.32730595
2221	1618477276152	370.92370806
2222	1618477276246	361.88908295
2223	1618477276345	366.60710671
2224	1618477276439	385.93197702
2225	1618477276533	408.29308089
2226	1618477276627	363.39498886
2227	1618477276721	376.28061152
2228	1618477276815	369.45988732
2229	1618477276909	372.30469154
2230	1618477277003	393.12997715
2231	1618477277097	362.78869604
2232	1618477277191	389.11346162
2233	1618477277285	380.91065908
2234	1618477277379	368.17031110
2235	1618477277473	400.90743227
2236	1618477277561	368.54474339
2237	1618477277656	395.66409694
2238	1618477277751	367.21681799
2239	1618477277846	395.85324658
2240	1618477277941	377.57940477
2241	1618477278036	392.69689129
2242	1618477278131	372.28839951
2243	1618477278226	359.80599573
2244	1618477278321	397.57718370
2245	1618477278416	373.49253326
2246	1618477278511	364.37594296
2247	1618477278606	413.97243308
2248	1618477278701	362.97147747
2249	1618477278794	351.06416499
2250	1618477278888	384.44422522
2251	1618477278982	383.00552197
2252	1618477279076	395.57516845
2253	1618477279170	396.46150363
2254	1618477279264	376.58097547
