7012	1618478146952	249.07032825
7013	1618478147046	226.14561437
7014	1618478147140	222.84425902
7015	1618478147234	222.63903348
7016	1618478147328	218.87904248
7017	1618478147422	221.17310367
7018	1618478147516	236.84581654
7019	1618478147607	253.19818150
7020	1618478147701	239.45455615
7021	1618478147795	220.11400828
7022	1618478147889	214.83871952
7023	1618478147983	229.77235780
7024	1618478148077	228.18986392
7025	1618478148171	219.83844992
7026	1618478148265	228.61762228
7027	1618478148359	229.44548160
7028	1618478148453	252.31956544
7029	1618478148547	210.69779829
7030	1618478148641	231.15902420
7031	1618478148735	230.74868825
7032	1618478148823	245.03459017
7033	1618478148917	237.42213840
7034	1618478149011	252.07561740
7035	1618478149105	234.58992229
7036	1618478149199	224.56483225
7037	1618478149293	238.21177069
7038	1618478149387	206.60097300
7039	1618478149481	231.79223933
7040	1618478149575	238.45913984
7041	1618478149669	234.61732644
7042	1618478149763	226.17573676
7043	1618478149857	234.51688000
7044	1618478149951	234.29839519
7045	1618478150042	239.49077214
7046	1618478150136	235.07690773
7047	1618478150230	235.73994321
7048	1618478150324	238.83398425
7049	1618478150418	228.70358736
7050	1618478150512	239.29309754
7051	1618478150606	258.91126356
7052	1618478150700	245.07145076
7053	1618478150794	227.75339137
7054	1618478150888	219.46704838
7055	1618478150982	239.24224251
7056	1618478151076	246.21457668
7057	1618478151170	231.77160297
7058	1618478151261	233.15209732
7059	1618478151355	229.23061021
7060	1618478151449	264.22734794
7061	1618478151543	238.96465157
7062	1618478151637	246.88415297
7063	1618478151731	224.49144632
7064	1618478151825	242.67311316
7065	1618478151919	283.47922252
7066	1618478152013	264.91414248
7067	1618478152107	302.37144936
7068	1618478152201	290.43015633
7069	1618478152295	306.95485573
7070	1618478152389	207.53633906
7071	1618478152479	134.81209497
7072	1618478152573	164.38015558
7073	1618478152667	208.36435777
7074	1618478152761	238.44162505
7075	1618478152855	236.59614686
7076	1618478152949	181.97908950
7077	1618478153043	156.57784240
7078	1618478153137	213.74698533
7079	1618478153231	191.36863985
7080	1618478153325	245.26142872
7081	1618478153419	224.68115679
7082	1618478153513	227.29785319
7083	1618478153607	226.81188659
7084	1618478153696	221.05968324
7085	1618478153790	213.17455100
7086	1618478153884	220.47692479
7087	1618478153978	215.62529721
7088	1618478154072	242.88671086
7089	1618478154166	251.59582989
7090	1618478154260	231.16099820
7091	1618478154354	221.98403499
7092	1618478154448	230.80900241
7093	1618478154542	216.27372521
7094	1618478154636	237.52272303
7095	1618478154730	228.86009895
7096	1618478154824	204.49405400
7097	1618478154921	240.21950661
7098	1618478155015	211.52131426
7099	1618478155109	230.48563756
7100	1618478155203	228.26897137
7101	1618478155297	243.94461333
7102	1618478155391	224.70221394
7103	1618478155485	254.19489946
7104	1618478155579	247.59122865
7105	1618478155673	230.59251976
7106	1618478155767	267.34037895
7107	1618478155861	226.03427710
7108	1618478155955	223.15148274
7109	1618478156049	258.18692074
7110	1618478156140	243.55102821
7111	1618478156233	242.79917762
7112	1618478156326	243.97999461
7113	1618478156419	244.36487065
7114	1618478156512	235.99094392
7115	1618478156605	222.87152695
7116	1618478156698	211.46456899
7117	1618478156791	228.29770682
7118	1618478156884	236.09775506
7119	1618478156977	246.73231660
7120	1618478157070	224.79324850
7121	1618478157163	207.99292164
7122	1618478157256	252.62161553
7123	1618478157355	249.40812047
7124	1618478157449	225.61320729
7125	1618478157543	242.22033547
7126	1618478157637	228.12553544
7127	1618478157731	217.34408376
7128	1618478157825	238.84508305
7129	1618478157919	211.29481472
7130	1618478158013	234.31743113
7131	1618478158107	236.45056313
7132	1618478158201	221.25631188
7133	1618478158295	245.63110238
7134	1618478158389	212.40994104
7135	1618478158483	214.24271083
7136	1618478158574	243.86133837
7137	1618478158668	244.22248177
7138	1618478158762	225.40939602
7139	1618478158856	236.17263015
7140	1618478158950	223.58945255
7141	1618478159044	226.97878558
7142	1618478159138	238.27088776
7143	1618478159232	229.44112519
7144	1618478159326	230.81651041
7145	1618478159420	228.45223631
7146	1618478159514	264.15840202
7147	1618478159608	244.04162213
7148	1618478159702	224.35335674
7149	1618478159791	215.99391433
7150	1618478159885	229.33967592
7151	1618478159979	211.44781473
7152	1618478160073	249.42905827
7153	1618478160167	221.58658309
7154	1618478160261	230.35337332
7155	1618478160355	244.40722446
7156	1618478160449	256.51079352
7157	1618478160543	221.93602503
7158	1618478160637	240.81666559
7159	1618478160731	257.86970380
7160	1618478160825	213.36610887
7161	1618478160919	225.56001287
7162	1618478161010	236.77516936
7163	1618478161104	219.98997991
7164	1618478161198	226.28393663
7165	1618478161292	240.57739278
7166	1618478161386	251.53085314
7167	1618478161480	249.74440115
7168	1618478161574	220.15037174
7169	1618478161668	233.28216492
7170	1618478161762	217.05140693
7171	1618478161856	254.93229561
7172	1618478161950	237.53205899
7173	1618478162044	232.12816156
7174	1618478162138	230.78344750
7175	1618478162228	231.54142598
7176	1618478162322	226.53686629
7177	1618478162416	228.07875933
7178	1618478162510	228.22074629
7179	1618478162604	238.56782275
7180	1618478162698	216.99441424
7181	1618478162792	237.46971850
7182	1618478162886	209.85210314
7183	1618478162980	240.56891745
7184	1618478163074	218.44928898
7185	1618478163168	227.09554887
7186	1618478163262	229.67260679
7187	1618478163356	227.85679767
7188	1618478163447	264.72850866
7189	1618478163541	222.40659290
7190	1618478163635	228.33562298
7191	1618478163729	215.81127055
7192	1618478163823	256.66432152
7193	1618478163917	229.40141095
7194	1618478164011	214.68901769
7195	1618478164105	254.39290293
7196	1618478164199	242.31600139
7197	1618478164293	231.33100534
7198	1618478164387	235.53651159
7199	1618478164481	232.35414122
7200	1618478164575	246.38053334
7201	1618478164665	249.82406111
7202	1618478164759	199.47418681
7203	1618478164853	223.30890528
7204	1618478164947	233.28874031
7205	1618478165041	223.39062950
7206	1618478165135	222.90650300
7207	1618478165229	240.49999595
7208	1618478165323	255.57979570
7209	1618478165417	233.88714568
7210	1618478165511	228.11996733
7211	1618478165605	215.91681144
7212	1618478165699	251.89457840
7213	1618478165793	236.91316248
7214	1618478165888	234.13233797
7215	1618478165982	233.92204993
7216	1618478166076	246.24479182
7217	1618478166170	228.03525566
7218	1618478166264	241.54235990
7219	1618478166358	227.55188324
7220	1618478166452	226.55347631
7221	1618478166546	220.66476036
7222	1618478166640	216.95891419
7223	1618478166734	211.13145884
7224	1618478166828	252.46504245
7225	1618478166922	245.68156899
7226	1618478167016	225.69159012
7227	1618478167107	234.51480085
7228	1618478167201	236.04155944
7229	1618478167295	240.10624993
7230	1618478167389	242.19505887
7231	1618478167483	239.95349765
7232	1618478167577	220.21408471
7233	1618478167671	229.16471193
7234	1618478167765	225.96582795
7235	1618478167859	182.55441234
7236	1618478167953	231.55884520
7237	1618478168047	193.34970027
7238	1618478168141	249.79443687
7239	1618478168235	207.79848279
7240	1618478168324	230.61619140
7241	1618478168418	242.19025262
7242	1618478168512	210.68445131
7243	1618478168606	223.28523086
7244	1618478168700	187.54192175
7245	1618478168794	192.29588639
7246	1618478168888	160.90109598
7247	1618478168982	165.93911004
7248	1618478169076	181.72160458
7249	1618478169170	207.02870085
7250	1618478169264	224.41069121
7251	1618478169358	244.41527717
7252	1618478169452	262.13204524
7253	1618478169542	233.69321730
7254	1618478169636	189.63665443
7255	1618478169730	213.78853069
7256	1618478169824	191.29385054
7257	1618478169918	167.70846114
7258	1618478170012	158.53740669
7259	1618478170106	114.37944677
7260	1618478170200	195.09503439
7261	1618478170294	257.34510626
7262	1618478170388	309.22248998
7263	1618478170482	332.79695824
7264	1618478170576	333.58100390
7265	1618478170670	294.22515211
7266	1618478170761	265.31564816
7267	1618478170855	263.02406982
7268	1618478170949	251.16799176
7269	1618478171043	245.33682748
7270	1618478171137	270.19604437
7271	1618478171231	248.57584798
7272	1618478171325	261.84095568
7273	1618478171419	253.21839938
7274	1618478171513	249.86037010
7275	1618478171607	243.97930989
7276	1618478171701	228.35383798
7277	1618478171795	244.14375872
7278	1618478171889	264.55651884
7279	1618478171980	237.12706418
7280	1618478172074	240.74315371
7281	1618478172168	220.72363152
7282	1618478172262	229.77697603
7283	1618478172356	230.00623882
7284	1618478172450	255.95389582
7285	1618478172544	233.65752370
7286	1618478172638	239.02873878
7287	1618478172732	257.81424900
7288	1618478172826	243.73011172
7289	1618478172920	235.06203953
7290	1618478173014	233.72162934
7291	1618478173108	234.81439985
7292	1618478173198	249.74067895
7293	1618478173292	227.28588158
7294	1618478173386	229.93602495
7295	1618478173480	230.34817350
7296	1618478173574	249.06873542
7297	1618478173668	250.50841252
7298	1618478173762	232.99172224
7299	1618478173856	236.52656202
7300	1618478173950	254.92371133
7301	1618478174044	242.65279869
7302	1618478174138	221.64218713
7303	1618478174232	221.96647765
7304	1618478174326	238.85033618
7305	1618478174418	255.37838168
7306	1618478174512	240.43933102
7307	1618478174606	225.84819384
7308	1618478174700	250.40067993
7309	1618478174794	228.41847103
7310	1618478174888	236.79097362
7311	1618478174982	264.18097269
7312	1618478175076	230.64715553
7313	1618478175170	234.92983888
7314	1618478175264	234.83582276
7315	1618478175358	217.89765146
7316	1618478175452	249.88632934
7317	1618478175546	234.81328791
7318	1618478175636	237.24098669
7319	1618478175730	233.80187884
7320	1618478175824	219.78753295
7321	1618478175918	243.97992755
7322	1618478176012	253.77086293
7323	1618478176106	214.40439080
7324	1618478176200	236.57775281
7325	1618478176294	248.62331993
7326	1618478176388	228.66527043
7327	1618478176482	233.06988471
7328	1618478176576	238.04139962
7329	1618478176670	227.47573817
7330	1618478176764	238.19417505
7331	1618478176853	223.10673424
7332	1618478176947	237.84286530
7333	1618478177041	229.50420266
7334	1618478177135	237.59357548
7335	1618478177229	241.98093844
7336	1618478177323	223.65310679
7337	1618478177417	225.27814515
7338	1618478177511	232.68789097
