5747	1618476526638	288.64272010
5748	1618476526732	263.86524792
5749	1618476526826	280.55425861
5750	1618476526920	256.80731279
5751	1618476527014	295.00245615
5752	1618476527108	266.00970720
5753	1618476527202	286.42302202
5754	1618476527296	285.50044204
5755	1618476527390	256.36582762
5756	1618476527484	264.94724144
5757	1618476527578	291.72957865
5758	1618476527672	272.60943063
5759	1618476527766	285.86149998
5760	1618476527860	325.90157504
5761	1618476527954	253.39433005
5762	1618476528048	251.70083563
5763	1618476528142	221.26539117
5764	1618476528236	232.95857187
5765	1618476528330	242.67962774
5766	1618476528424	267.76078273
5767	1618476528518	252.86398077
5768	1618476528612	246.35491369
5769	1618476528706	255.04448854
5770	1618476528800	249.17799601
5771	1618476528894	253.36342106
5772	1618476528982	223.20673039
5773	1618476529076	297.02354320
5774	1618476529170	256.62189145
5775	1618476529264	246.67253648
5776	1618476529358	257.49855580
5777	1618476529452	243.39185001
5778	1618476529546	290.46318105
5779	1618476529640	222.46649531
5780	1618476529734	264.46868292
5781	1618476529828	302.20158698
5782	1618476529922	240.99438992
5783	1618476530016	207.61639945
5784	1618476530110	257.49749074
5785	1618476530201	255.92577631
5786	1618476530295	257.39447131
5787	1618476530389	244.63508096
5788	1618476530483	267.30417245
5789	1618476530577	284.25576325
5790	1618476530671	244.89567307
5791	1618476530765	267.27699264
5792	1618476530859	240.45021359
5793	1618476530953	319.66877096
5794	1618476531047	290.79921891
5795	1618476531141	314.86274937
5796	1618476531235	285.52655472
5797	1618476531329	230.86692087
5798	1618476531424	245.96134347
5799	1618476531518	279.23586838
5800	1618476531612	267.78673568
5801	1618476531706	309.25263270
5802	1618476531800	280.03072749
5803	1618476531894	338.58201616
5804	1618476531988	341.22276085
5805	1618476532082	270.06685292
5806	1618476532176	365.67667670
5807	1618476532270	450.97786318
5808	1618476532364	382.55080373
5809	1618476532458	267.42802101
5810	1618476532552	222.79382493
5811	1618476532642	168.36114383
5812	1618476532737	193.43464181
5813	1618476532832	215.84187157
5814	1618476532927	231.18146929
5815	1618476533022	294.45782516
5816	1618476533117	427.67184242
5817	1618476533212	527.38202025
5818	1618476533307	493.06610021
5819	1618476533402	493.81944868
5820	1618476533497	416.85860079
5821	1618476533592	463.59317690
5822	1618476533687	431.71313018
5823	1618476533782	388.00912843
5824	1618476533876	247.93843569
5825	1618476533970	277.29422403
5826	1618476534064	275.13097129
5827	1618476534158	271.22638392
5828	1618476534252	283.32778934
5829	1618476534346	289.16400026
5830	1618476534440	300.62912498
5831	1618476534534	279.24826170
5832	1618476534628	257.46127363
5833	1618476534722	261.96127385
5834	1618476534816	276.68898185
5835	1618476534910	227.48073193
5836	1618476535004	254.70465263
5837	1618476535095	298.73365953
5838	1618476535190	278.05622309
5839	1618476535285	286.25571536
5840	1618476535380	266.67600406
5841	1618476535475	284.46589187
5842	1618476535570	272.36691686
5843	1618476535665	306.99146841
5844	1618476535760	246.27906949
5845	1618476535855	243.33094708
5846	1618476535950	213.65118289
5847	1618476536045	259.40547928
5848	1618476536140	282.54953812
5849	1618476536235	291.17863938
5850	1618476536327	261.14809289
5851	1618476536421	294.22017986
5852	1618476536515	268.85096800
5853	1618476536609	231.40548357
5854	1618476536703	284.19385891
5855	1618476536797	241.08364574
5856	1618476536891	247.91074414
5857	1618476536985	294.59886226
5858	1618476537079	294.70394131
5859	1618476537173	269.97232277
5860	1618476537267	242.21305140
5861	1618476537361	233.33645557
5862	1618476537455	271.60703886
5863	1618476537546	268.08822175
5864	1618476537640	252.64469957
5865	1618476537734	275.61308582
5866	1618476537828	264.78088592
5867	1618476537922	246.61323906
5868	1618476538016	234.88855123
5869	1618476538110	258.86558000
5870	1618476538204	254.01952015
5871	1618476538298	251.40970872
5872	1618476538392	258.88032492
5873	1618476538486	259.22848048
5874	1618476538580	249.35222146
5875	1618476538674	280.24300482
5876	1618476538771	250.69551840
5877	1618476538864	271.39869097
5878	1618476538957	237.90104703
5879	1618476539050	251.37267708
5880	1618476539143	275.74305694
5881	1618476539236	228.57010963
5882	1618476539329	291.72605922
5883	1618476539422	274.75450876
5884	1618476539515	263.09645212
5885	1618476539608	275.25096220
5886	1618476539701	229.21295441
5887	1618476539794	273.20176738
5888	1618476539887	216.64079338
5889	1618476539983	284.69438654
5890	1618476540077	235.62796424
5891	1618476540171	279.73158631
5892	1618476540265	236.14059499
5893	1618476540359	262.18230270
5894	1618476540453	262.16793677
5895	1618476540547	261.36174150
5896	1618476540641	275.99075515
5897	1618476540735	235.94912489
5898	1618476540829	212.89167305
5899	1618476540923	240.81071745
5900	1618476541017	288.26841118
5901	1618476541111	249.12631189
5902	1618476541202	246.83165055
5903	1618476541296	306.30571388
5904	1618476541390	234.16657034
5905	1618476541484	285.63215246
5906	1618476541578	232.88068138
5907	1618476541672	236.14105847
5908	1618476541766	281.06008637
5909	1618476541860	277.52980888
5910	1618476541954	237.77383421
5911	1618476542048	207.26565817
5912	1618476542142	258.39891400
5913	1618476542236	254.70972480
5914	1618476542330	309.33518605
5915	1618476542419	228.21198955
5916	1618476542513	254.81650372
5917	1618476542607	258.20943724
5918	1618476542701	259.20162847
5919	1618476542795	244.98636151
5920	1618476542889	247.98574462
5921	1618476542983	256.63251665
5922	1618476543077	271.77477435
5923	1618476543171	281.83292283
5924	1618476543265	269.88446803
5925	1618476543359	244.84995969
5926	1618476543453	287.39019830
5927	1618476543547	266.75438380
5928	1618476543642	266.18220296
5929	1618476543736	240.37035527
5930	1618476543830	289.19803494
5931	1618476543924	261.89290611
5932	1618476544018	281.41221540
5933	1618476544112	249.96676902
5934	1618476544206	240.75914184
5935	1618476544300	220.95771477
5936	1618476544394	258.55075094
5937	1618476544488	236.43269303
5938	1618476544582	234.47446218
5939	1618476544676	282.29617618
5940	1618476544770	274.68209798
5941	1618476544859	236.57705001
5942	1618476544953	189.49285216
5943	1618476545047	228.91797777
5944	1618476545141	315.14766305
5945	1618476545235	264.02674003
5946	1618476545329	243.46565360
5947	1618476545423	278.86782029
5948	1618476545517	241.02009817
5949	1618476545611	237.20757509
5950	1618476545705	265.92307909
5951	1618476545799	262.37100816
5952	1618476545893	227.49224894
5953	1618476545987	250.57462729
5954	1618476546079	238.56530156
5955	1618476546173	289.10689064
5956	1618476546267	301.94200001
5957	1618476546361	406.56143170
5958	1618476546455	415.56039607
5959	1618476546549	489.74852540
5960	1618476546643	446.95842482
5961	1618476546737	307.25296349
5962	1618476546831	179.63533312
5963	1618476546925	229.88354395
5964	1618476547019	351.82441640
5965	1618476547113	423.23622320
5966	1618476547207	317.75699383
5967	1618476547297	267.32745410
5968	1618476547391	298.79643349
5969	1618476547485	279.91771490
5970	1618476547579	261.01922877
5971	1618476547673	303.84292124
5972	1618476547767	267.93369943
5973	1618476547861	253.61313321
5974	1618476547955	280.38060614
5975	1618476548049	249.45374500
5976	1618476548143	231.79885139
5977	1618476548237	270.28647712
5978	1618476548331	267.73569557
5979	1618476548425	261.08136112
5980	1618476548523	259.16849447
5981	1618476548617	250.15519552
5982	1618476548711	246.44226917
5983	1618476548805	285.68261923
5984	1618476548899	265.24867697
5985	1618476548993	260.30922431
5986	1618476549087	226.26440056
5987	1618476549181	282.12399286
5988	1618476549275	242.68668650
5989	1618476549369	248.96998641
5990	1618476549463	274.89434985
5991	1618476549557	242.76948115
5992	1618476549651	260.93451071
5993	1618476549745	265.99212296
5994	1618476549839	265.24148429
5995	1618476549933	262.81582291
5996	1618476550027	270.07779717
5997	1618476550121	285.03870131
5998	1618476550215	265.03761147
5999	1618476550309	300.17717796
6000	1618476550403	254.97848650
6001	1618476550497	260.48942112
6002	1618476550591	323.06277572
6003	1618476550685	240.71140596
6004	1618476550779	246.58365124
6005	1618476550873	251.64426100
6006	1618476550961	301.15379222
