4691	1610678861304	335.51591348
4692	1610678861398	331.35259833
4693	1610678861488	296.25748438
4694	1610678861582	336.54730943
4695	1610678861676	293.91848037
4696	1610678861770	339.78071633
4697	1610678861864	313.50221551
4698	1610678861958	326.07352963
4699	1610678862052	297.36330725
4700	1610678862146	328.41135977
4701	1610678862240	343.90868358
4702	1610678862334	310.35548258
4703	1610678862428	314.45226191
4704	1610678862522	332.22377186
4705	1610678862616	333.73633078
4706	1610678862706	275.99015984
4707	1610678862800	366.22700607
4708	1610678862894	338.73972525
4709	1610678862988	340.19198106
4710	1610678863082	322.95872738
4711	1610678863176	290.85873449
4712	1610678863270	338.73684927
4713	1610678863364	315.31302450
4714	1610678863458	336.05504887
4715	1610678863552	321.41554056
4716	1610678863646	330.78285810
4717	1610678863740	313.01099417
4718	1610678863834	344.62588735
4719	1610678863924	302.53476001
4720	1610678864018	374.94640097
4721	1610678864112	376.79013993
4722	1610678864206	375.37976767
4723	1610678864300	385.05511243
4724	1610678864394	413.16833486
4725	1610678864488	578.82150273
4726	1610678864582	409.92990483
4727	1610678864676	178.04775156
4728	1610678864770	267.72446319
4729	1610678864864	148.04802432
4730	1610678864958	204.25936773
4731	1610678865052	193.78008480
4732	1610678865144	283.88216915
4733	1610678865238	236.56015329
4734	1610678865332	345.28044037
4735	1610678865426	336.02679975
4736	1610678865520	359.78330670
4737	1610678865614	317.60239233
4738	1610678865708	299.64802025
4739	1610678865802	328.78933168
4740	1610678865896	318.05754941
4741	1610678865990	345.08867092
4742	1610678866084	301.91026014
4743	1610678866178	308.37355059
4744	1610678866272	275.94438291
4745	1610678866361	281.11287051
4746	1610678866455	361.77312708
4747	1610678866549	368.62525134
4748	1610678866643	330.80327377
4749	1610678866737	306.00970706
4750	1610678866831	318.78239544
4751	1610678866925	341.81422717
4752	1610678867019	309.35463639
4753	1610678867113	328.77454325
4754	1610678867207	322.64040535
4755	1610678867301	312.23870277
4756	1610678867395	313.11260604
4757	1610678867489	330.91638140
4758	1610678867582	303.87129030
4759	1610678867677	331.16447924
4760	1610678867772	315.23243831
4761	1610678867867	327.51357466
4762	1610678867962	353.27952173
4763	1610678868057	320.45325692
4764	1610678868152	342.76215632
4765	1610678868247	287.15709732
4766	1610678868342	315.25737077
4767	1610678868437	325.46970600
4768	1610678868532	363.33903364
4769	1610678868627	283.71398556
4770	1610678868722	321.92922072
4771	1610678868814	355.77074302
4772	1610678868908	307.80545586
4773	1610678869002	320.53779414
4774	1610678869096	331.70412835
4775	1610678869190	327.68523148
4776	1610678869284	356.00741496
4777	1610678869378	333.09772588
4778	1610678869472	351.12737663
4779	1610678869566	315.52014568
4780	1610678869660	308.71780664
4781	1610678869754	319.27360540
4782	1610678869848	300.13505073
4783	1610678869942	334.81616272
4784	1610678870037	314.98969744
4785	1610678870132	311.12721933
4786	1610678870227	339.12673958
4787	1610678870322	303.45056103
4788	1610678870417	340.70078023
4789	1610678870512	316.09385963
4790	1610678870607	347.66873831
4791	1610678870702	316.84904704
4792	1610678870797	335.85899947
4793	1610678870892	328.58381218
4794	1610678870987	339.15535166
4795	1610678871082	324.15637658
4796	1610678871177	288.79471194
4797	1610678871275	344.58684169
4798	1610678871369	322.10406196
4799	1610678871463	340.09065135
4800	1610678871557	338.05517076
4801	1610678871651	305.04584990
4802	1610678871745	308.14447513
4803	1610678871839	337.33973806
4804	1610678871933	318.68397136
4805	1610678872027	343.10304357
4806	1610678872121	320.24802876
4807	1610678872215	344.88654139
4808	1610678872309	335.58163965
4809	1610678872403	329.80676647
4810	1610678872496	319.23302342
4811	1610678872591	333.66779126
4812	1610678872686	348.36089617
4813	1610678872781	327.79029796
4814	1610678872876	334.79346692
4815	1610678872971	325.85255618
4816	1610678873066	326.45691516
4817	1610678873161	362.23976135
4818	1610678873256	348.54292173
4819	1610678873351	325.53010388
4820	1610678873446	328.29925182
4821	1610678873541	309.51040894
4822	1610678873636	319.35525530
4823	1610678873729	330.24603167
4824	1610678873823	341.34342964
4825	1610678873917	338.26441595
4826	1610678874011	301.15708135
4827	1610678874105	343.93457470
4828	1610678874199	322.08169646
4829	1610678874293	304.66412812
4830	1610678874387	351.30395875
4831	1610678874481	356.90587114
4832	1610678874575	330.30998148
4833	1610678874669	340.43547160
4834	1610678874763	342.63817967
4835	1610678874857	351.52167224
4836	1610678874946	341.83069564
4837	1610678875041	294.67828381
4838	1610678875136	367.11220888
4839	1610678875231	345.75280031
4840	1610678875326	313.45438732
4841	1610678875421	303.78994204
4842	1610678875516	335.25294564
4843	1610678875611	319.19635991
4844	1610678875706	333.66837594
4845	1610678875801	342.14520123
4846	1610678875896	313.28731464
4847	1610678875991	302.01664684
4848	1610678876086	337.81300495
4849	1610678876186	318.96507341
4850	1610678876280	334.89759414
4851	1610678876374	301.35763006
4852	1610678876468	325.73106405
4853	1610678876562	298.56174468
4854	1610678876656	241.32634897
4855	1610678876750	244.73702051
4856	1610678876844	251.94720269
4857	1610678876938	521.22519039
4858	1610678877032	305.40569965
4859	1610678877126	525.20990522
4860	1610678877220	396.40034467
4861	1610678877314	366.00872519
4862	1610678877404	374.70711749
4863	1610678877499	340.10836655
4864	1610678877594	303.41496448
4865	1610678877689	335.06849850
4866	1610678877784	367.81242404
4867	1610678877879	303.50456604
4868	1610678877974	327.51145414
4869	1610678878069	325.26105168
4870	1610678878164	330.86800166
4871	1610678878259	333.88501981
4872	1610678878354	352.27659950
4873	1610678878449	329.64040763
4874	1610678878544	356.09162228
4875	1610678878637	324.48948385
4876	1610678878731	319.72255826
4877	1610678878825	313.18065254
4878	1610678878919	289.64337224
4879	1610678879013	333.55674230
4880	1610678879107	368.01835795
4881	1610678879201	335.29788468
4882	1610678879295	343.98342274
4883	1610678879389	317.43293246
4884	1610678879483	321.89201126
4885	1610678879577	348.09161424
4886	1610678879671	369.08936455
4887	1610678879765	354.41169715
4888	1610678879855	343.41315857
4889	1610678879949	325.62271025
4890	1610678880043	331.20215911
4891	1610678880137	311.45161817
4892	1610678880231	298.20790857
4893	1610678880325	304.79744548
4894	1610678880419	327.92309105
4895	1610678880513	319.91478656
4896	1610678880607	298.77169056
4897	1610678880701	326.13666281
4898	1610678880795	321.37268542
4899	1610678880889	307.85319978
4900	1610678880983	320.31160079
4901	1610678881081	321.32095902
4902	1610678881175	315.25808252
