19573	1616114529179	-116.79102335
19574	1616114529273	-115.66529996
19575	1616114529367	-116.15020119
19576	1616114529461	-108.47649155
19577	1616114529555	-114.34137217
19578	1616114529645	-117.39662931
19579	1616114529739	-127.18488566
19580	1616114529833	-123.74089376
19581	1616114529927	-107.89050260
19582	1616114530021	-111.24883341
19583	1616114530115	-115.95078145
19584	1616114530209	-117.96919709
19585	1616114530303	-119.18417060
19586	1616114530397	-115.81922525
19587	1616114530491	-118.26879434
19588	1616114530585	-111.60915049
19589	1616114530679	-117.91462627
19590	1616114530773	-119.67293244
19591	1616114530866	-115.99140812
19592	1616114530960	-117.15340128
19593	1616114531054	-114.82211565
19594	1616114531148	-116.18580627
19595	1616114531242	-113.16644414
19596	1616114531336	-120.22356508
19597	1616114531430	-109.73721669
19598	1616114531524	-115.61190644
19599	1616114531618	-120.14923581
19600	1616114531712	-111.08727382
19601	1616114531806	-115.34246028
19602	1616114531900	-115.54084742
19603	1616114531994	-116.37154415
19604	1616114532084	-116.26712715
19605	1616114532178	-120.28944722
19606	1616114532272	-118.79065744
19607	1616114532366	-119.51103760
19608	1616114532460	-121.56409004
19609	1616114532554	-120.38525975
19610	1616114532648	-128.49716575
19611	1616114532742	-123.43307478
19612	1616114532836	-125.62857408
19613	1616114532930	-132.01467023
19614	1616114533024	-121.91240087
19615	1616114533118	-119.76801998
19616	1616114533212	-121.63142006
19617	1616114533303	-122.90719139
19618	1616114533397	-117.97209128
19619	1616114533491	-122.27005714
19620	1616114533585	-98.82710444
19621	1616114533679	-81.34451493
19622	1616114533773	-72.33772466
19623	1616114533867	-68.32778883
19624	1616114533961	-60.12488086
19625	1616114534055	-73.25673307
19626	1616114534149	-93.15899834
19627	1616114534243	-124.65051528
19628	1616114534337	-121.21328648
19629	1616114534431	-127.36361960
19630	1616114534521	-126.77241409
19631	1616114534615	-130.17411502
19632	1616114534709	-135.50204431
19633	1616114534803	-120.79094769
19634	1616114534897	-126.69210882
19635	1616114534991	-130.35280374
19636	1616114535085	-127.77460394
19637	1616114535179	-117.92791758
19638	1616114535273	-115.47312091
19639	1616114535367	-123.02299494
19640	1616114535461	-118.39126323
19641	1616114535555	-121.34974469
19642	1616114535649	-129.10581301
19643	1616114535741	-115.29414686
19644	1616114535835	-120.63201041
19645	1616114535929	-114.36028092
19646	1616114536023	-114.94717022
19647	1616114536117	-119.11143515
19648	1616114536211	-113.70647809
19649	1616114536305	-112.69043553
19650	1616114536399	-124.41246809
19651	1616114536493	-118.94615081
19652	1616114536587	-111.23250659
19653	1616114536681	-119.16174087
19654	1616114536775	-107.62665008
19655	1616114536869	-115.34700049
19656	1616114536960	-105.92518933
19657	1616114537054	-110.09434796
19658	1616114537148	-109.54368464
19659	1616114537242	-111.06621264
19660	1616114537336	-110.34594597
19661	1616114537430	-117.27051214
19662	1616114537524	-107.36975061
19663	1616114537618	-119.78513667
19664	1616114537712	-108.58302663
19665	1616114537806	-116.82706776
19666	1616114537900	-120.89209759
19667	1616114537994	-112.60510358
19668	1616114538088	-117.52520452
19669	1616114538177	-115.49633681
19670	1616114538271	-108.95852709
19671	1616114538365	-122.03991905
19672	1616114538459	-110.66035767
19673	1616114538553	-112.99998602
19674	1616114538647	-112.56978639
19675	1616114538741	-121.66693321
19676	1616114538835	-115.00366244
19677	1616114538929	-111.48437388
19678	1616114539023	-108.65909820
19679	1616114539117	-122.67435903
19680	1616114539211	-117.46150021
19681	1616114539305	-104.51582837
19682	1616114539401	-125.85759474
19683	1616114539495	-112.22666286
19684	1616114539589	-112.88634187
19685	1616114539683	-119.84598258
19686	1616114539777	-118.71836937
19687	1616114539871	-109.36846754
19688	1616114539965	-114.35734309
19689	1616114540059	-114.65084643
19690	1616114540153	-120.30967896
19691	1616114540247	-112.22838431
19692	1616114540341	-117.32513313
19693	1616114540435	-120.78112752
19694	1616114540529	-116.94441528
19695	1616114540617	-113.19116892
19696	1616114540711	-117.79438656
19697	1616114540805	-108.51679542
19698	1616114540899	-112.62455509
19699	1616114540993	-118.30327794
19700	1616114541087	-111.70103734
19701	1616114541181	-116.34488843
19702	1616114541275	-121.81057032
19703	1616114541369	-116.06602136
19704	1616114541463	-118.09505267
19705	1616114541557	-111.36344683
19706	1616114541651	-110.61981137
19707	1616114541745	-122.18462380
19708	1616114541834	-109.97808807
19709	1616114541928	-115.00893316
19710	1616114542022	-122.01780730
19711	1616114542116	-113.24518885
19712	1616114542210	-113.54477193
19713	1616114542304	-119.10977429
19714	1616114542398	-104.12954557
19715	1616114542492	-118.95691177
19716	1616114542586	-113.86974233
19717	1616114542680	-120.11542947
19718	1616114542774	-120.91344341
19719	1616114542868	-116.75225576
19720	1616114542962	-117.65447624
19721	1616114543053	-119.70016493
19722	1616114543147	-120.03819363
19723	1616114543241	-123.93802976
19724	1616114543335	-118.58917576
19725	1616114543429	-108.49621605
19726	1616114543523	-118.65667579
19727	1616114543617	-117.50942676
19728	1616114543711	-112.84851862
19729	1616114543805	-109.92506926
19730	1616114543899	-113.39773317
19731	1616114543993	-119.03569184
19732	1616114544087	-122.41391790
19733	1616114544181	-119.17906321
19734	1616114544274	-116.74423178
19735	1616114544369	-122.20986371
19736	1616114544464	-111.69231608
19737	1616114544559	-115.69692509
19738	1616114544654	-110.60999268
19739	1616114544749	-118.89658836
19740	1616114544844	-120.77338830
19741	1616114544939	-119.34660135
19742	1616114545034	-115.15436864
19743	1616114545129	-111.91574611
19744	1616114545224	-113.37979020
19745	1616114545319	-122.30925287
19746	1616114545414	-116.91026551
19747	1616114545505	-116.00287571
19748	1616114545599	-126.33083177
19749	1616114545693	-114.09386210
19750	1616114545787	-113.54573864
19751	1616114545881	-109.42504199
19752	1616114545975	-113.82488080
19753	1616114546069	-123.93746927
19754	1616114546163	-121.90580247
19755	1616114546257	-112.30574880
19756	1616114546351	-121.04067665
19757	1616114546445	-113.72320760
19758	1616114546539	-118.29439869
19759	1616114546633	-114.52290172
19760	1616114546725	-121.94554865
19761	1616114546820	-114.79057435
19762	1616114546915	-116.03992333
19763	1616114547010	-109.83196472
19764	1616114547105	-119.16603715
19765	1616114547200	-107.39006169
19766	1616114547295	-115.13131566
19767	1616114547390	-118.07987322
19768	1616114547485	-120.15325270
19769	1616114547580	-118.04135823
19770	1616114547675	-125.09467731
19771	1616114547770	-121.23791631
19772	1616114547865	-126.27587180
19773	1616114547961	-121.67043039
19774	1616114548055	-122.19157257
19775	1616114548149	-115.08570004
19776	1616114548243	-113.29471484
19777	1616114548337	-121.04088369
19778	1616114548431	-115.44512432
19779	1616114548525	-108.59050164
19780	1616114548619	-113.18023638
19781	1616114548713	-113.84637205
19782	1616114548807	-82.32321839
19783	1616114548901	-80.73605424
19784	1616114548995	-97.56293597
19785	1616114549089	-100.06333029
19786	1616114549180	-105.28977897
19787	1616114549275	-114.20521496
19788	1616114549370	-107.93697975
19789	1616114549465	-118.00888775
19790	1616114549560	-119.63074989
19791	1616114549655	-118.52002570
19792	1616114549750	-116.98488191
19793	1616114549845	-114.76226508
19794	1616114549940	-117.38941321
19795	1616114550035	-115.57665132
19796	1616114550130	-113.85328193
19797	1616114550225	-130.74004665
19798	1616114550320	-110.65611571
19799	1616114550414	-114.16677216
19800	1616114550508	-117.99764936
19801	1616114550602	-120.73147867
19802	1616114550696	-114.34363074
19803	1616114550790	-118.90661911
19804	1616114550884	-119.06834168
19805	1616114550978	-113.51558614
19806	1616114551072	-116.86955729
19807	1616114551166	-115.34597487
19808	1616114551260	-125.21667839
19809	1616114551354	-112.49110747
19810	1616114551448	-116.70946771
19811	1616114551542	-115.89213829
19812	1616114551632	-119.32656770
19813	1616114551727	-117.34345608
19814	1616114551822	-118.00689186
19815	1616114551917	-119.02549188
19816	1616114552012	-114.67659568
19817	1616114552107	-114.57084188
19818	1616114552202	-114.97607964
19819	1616114552297	-112.81078481
19820	1616114552392	-112.10528683
19821	1616114552487	-119.14823311
19822	1616114552582	-109.45823394
19823	1616114552677	-115.92753186
19824	1616114552772	-120.67576124
19825	1616114552865	-115.34103809
19826	1616114552959	-110.89499024
19827	1616114553053	-106.01396129
19828	1616114553147	-114.66504718
19829	1616114553241	-108.87846732
19830	1616114553335	-110.98057070
19831	1616114553429	-119.68000424
19832	1616114553523	-115.02700379
19833	1616114553617	-118.85315087
19834	1616114553711	-113.80155970
19835	1616114553805	-113.96902617
19836	1616114553899	-114.82658688
19837	1616114553993	-108.39838576
19838	1616114554085	-111.61325399
19839	1616114554179	-117.21096656
19840	1616114554273	-120.74576290
19841	1616114554367	-111.15009776
19842	1616114554461	-115.25050166
19843	1616114554555	-109.68596154
19844	1616114554649	-126.02406970
19845	1616114554743	-115.10309791
19846	1616114554837	-110.84941520
19847	1616114554931	-121.32636690
19848	1616114555025	-122.43661944
19849	1616114555119	-124.25933341
19850	1616114555213	-114.71265982
19851	1616114555310	-120.10055831
19852	1616114555404	-115.57455261
19853	1616114555498	-113.18096778
19854	1616114555592	-119.96655369
19855	1616114555686	-115.03468241
19856	1616114555780	-121.88475711
19857	1616114555874	-125.68711947
19858	1616114555968	-120.28938901
19859	1616114556062	-112.06640476
19860	1616114556156	-115.71743802
19861	1616114556250	-121.12792207
19862	1616114556344	-112.81163737
19863	1616114556438	-125.27303255
19864	1616114556531	-117.35735614
19865	1616114556626	-112.74099846
19866	1616114556721	-123.85219897
19867	1616114556816	-119.49684432
19868	1616114556911	-122.90106717
19869	1616114557006	-118.50712242
