1939	1618477244897	-14.76940664
1940	1618477244991	-27.39733191
1941	1618477245085	-29.82042058
1942	1618477245179	-9.80482552
1943	1618477245273	-21.34045931
1944	1618477245367	-5.16036621
1945	1618477245461	-20.27989512
1946	1618477245555	-41.06390499
1947	1618477245649	0.39571767
1948	1618477245743	-2.44837320
1949	1618477245837	-5.18516984
1950	1618477245925	-15.30152062
1951	1618477246019	6.12911503
1952	1618477246113	-11.26988610
1953	1618477246207	-8.11603822
1954	1618477246301	-3.29806803
1955	1618477246395	-28.30659752
1956	1618477246489	-11.55875547
1957	1618477246583	-11.77881759
1958	1618477246677	-4.08883929
1959	1618477246771	-8.09367494
1960	1618477246865	5.57041416
1961	1618477246959	10.95874873
1962	1618477247053	-21.93088057
1963	1618477247145	-38.86288235
1964	1618477247239	-41.54303234
1965	1618477247333	1.29342704
1966	1618477247427	-27.24946268
1967	1618477247521	-21.13203549
1968	1618477247615	-1.84875267
1969	1618477247709	-17.35465492
1970	1618477247803	11.02440498
1971	1618477247897	-14.56331324
1972	1618477247991	-33.48605801
1973	1618477248085	-41.54426038
1974	1618477248179	-28.19429175
1975	1618477248273	-61.13713998
1976	1618477248364	-59.49330855
1977	1618477248458	29.18010457
1978	1618477248552	-40.97004486
1979	1618477248646	-101.16072026
1980	1618477248740	-16.35568729
1981	1618477248834	36.77848642
1982	1618477248928	32.71330948
1983	1618477249022	-29.80125404
1984	1618477249116	-57.58283998
1985	1618477249210	-86.84829971
1986	1618477249304	-131.43195753
1987	1618477249398	-130.18551506
1988	1618477249492	-11.57287229
1989	1618477249586	-33.73805777
1990	1618477249680	31.51673990
1991	1618477249774	32.78646453
1992	1618477249868	43.13713047
1993	1618477249962	57.76817046
1994	1618477250056	53.23852174
1995	1618477250150	36.02848505
1996	1618477250244	47.18748461
1997	1618477250338	23.10187384
1998	1618477250432	26.60909750
1999	1618477250526	-1.49304224
2000	1618477250620	-21.78191387
2001	1618477250714	10.92144736
2002	1618477250807	7.09939111
2003	1618477250901	-19.12398826
2004	1618477250995	-33.32618262
2005	1618477251089	-28.74864682
2006	1618477251183	5.63474426
2007	1618477251277	-5.84144031
2008	1618477251371	-11.28314876
2009	1618477251465	0.80174638
2010	1618477251559	-14.14077555
2011	1618477251653	-31.86245616
2012	1618477251747	-15.14185500
2013	1618477251841	31.18234907
2014	1618477251935	10.15663812
2015	1618477252027	-5.36658120
2016	1618477252121	-21.70841377
2017	1618477252215	-3.95286591
2018	1618477252309	6.89453739
2019	1618477252403	-2.55108019
2020	1618477252497	-8.42269177
2021	1618477252591	-15.52329577
2022	1618477252685	5.72104093
2023	1618477252779	-8.10282292
2024	1618477252873	-13.33621583
2025	1618477252967	-12.91261126
2026	1618477253061	-16.74493381
2027	1618477253155	-6.64078499
2028	1618477253243	-35.57324364
2029	1618477253337	-18.83509295
2030	1618477253431	-20.20569115
2031	1618477253525	0.91735158
2032	1618477253619	-5.91502475
2033	1618477253713	24.15439742
2034	1618477253807	-10.92527695
2035	1618477253901	4.21000709
2036	1618477253995	-35.78349879
2037	1618477254089	-10.81729011
2038	1618477254183	-20.37986356
2039	1618477254277	-25.33314580
2040	1618477254371	-7.46877481
2041	1618477254461	14.24420977
2042	1618477254556	-10.37189964
2043	1618477254651	-29.05381931
2044	1618477254746	-38.26141140
2045	1618477254841	-7.84593065
2046	1618477254936	-18.13673862
2047	1618477255031	-29.26868263
2048	1618477255126	-1.35849978
2049	1618477255221	12.03161930
2050	1618477255316	-33.18832832
2051	1618477255411	2.59435688
2052	1618477255506	-21.43499707
2053	1618477255601	-11.03229146
2054	1618477255695	5.38756136
2055	1618477255788	-23.45539683
2056	1618477255881	-11.02915719
2057	1618477255974	-20.44278166
2058	1618477256067	-8.84676668
2059	1618477256160	-5.10195699
2060	1618477256253	-30.31470958
2061	1618477256346	-22.32100046
2062	1618477256439	12.59493799
2063	1618477256532	-3.99334732
2064	1618477256625	-6.75812660
2065	1618477256718	5.50272777
2066	1618477256811	-20.99757732
2067	1618477256910	-14.71823272
2068	1618477257004	-23.44668917
2069	1618477257098	-32.34116896
2070	1618477257192	-21.12054427
2071	1618477257286	-9.39021999
2072	1618477257380	-0.36942262
2073	1618477257474	10.77057573
2074	1618477257568	-8.26448221
2075	1618477257662	-2.82333030
2076	1618477257756	3.41246161
2077	1618477257850	0.17725613
2078	1618477257944	-19.28920586
2079	1618477258038	-19.28400647
2080	1618477258137	-10.21558665
2081	1618477258231	19.99654364
2082	1618477258325	1.64523270
2083	1618477258419	-16.39964448
2084	1618477258513	-8.24175529
2085	1618477258607	-5.50742527
2086	1618477258701	-22.90471761
2087	1618477258795	-19.33470875
2088	1618477258889	1.01545901
2089	1618477258983	4.83840209
2090	1618477259077	-7.53179823
2091	1618477259171	-8.99053519
2092	1618477259265	4.82434939
2093	1618477259355	-11.65921357
2094	1618477259449	-6.45428593
2095	1618477259543	51.03990775
2096	1618477259637	16.42099501
2097	1618477259731	56.96145843
2098	1618477259825	62.05730083
2099	1618477259919	76.30486128
2100	1618477260013	54.90071127
2101	1618477260107	-80.78836567
2102	1618477260201	-151.72098344
2103	1618477260295	-109.50205055
2104	1618477260389	-44.69752986
2105	1618477260483	54.06720039
2106	1618477260577	0.10244339
2107	1618477260671	-52.76187485
2108	1618477260765	-33.42283123
2109	1618477260859	-5.13691415
2110	1618477260953	-34.68533614
2111	1618477261047	-33.52851640
2112	1618477261141	-22.98658524
2113	1618477261235	-4.32008736
2114	1618477261329	0.28075581
2115	1618477261423	-33.77246777
2116	1618477261517	12.69770308
2117	1618477261611	-2.26012514
2118	1618477261705	-26.93033763
2119	1618477261793	-13.79923744
2120	1618477261887	-3.78575782
2121	1618477261981	-9.41800529
2122	1618477262075	-12.60095441
2123	1618477262169	19.12938617
2124	1618477262263	-0.90351329
2125	1618477262357	-16.96930387
2126	1618477262451	-17.51255944
2127	1618477262545	11.14234643
2128	1618477262639	-5.36493448
2129	1618477262733	-26.73512508
2130	1618477262827	-11.80241422
2131	1618477262921	-9.84901045
2132	1618477263012	-26.16115757
2133	1618477263106	10.94086012
2134	1618477263200	-30.32514389
2135	1618477263294	9.04508287
2136	1618477263388	-25.26828621
2137	1618477263482	-6.19805738
2138	1618477263576	7.25569948
2139	1618477263670	-12.53170841
2140	1618477263764	-22.22137065
2141	1618477263858	-8.31549574
2142	1618477263952	-4.80548717
2143	1618477264046	8.85475040
2144	1618477264140	-28.52005176
2145	1618477264231	-24.60213789
2146	1618477264325	19.78002263
2147	1618477264419	-8.32692736
2148	1618477264513	-4.56880571
2149	1618477264607	-0.97944255
2150	1618477264701	-7.72321733
2151	1618477264795	7.32454104
2152	1618477264889	-3.02364826
2153	1618477264983	-9.63590087
2154	1618477265077	-31.84678194
2155	1618477265171	2.13541213
2156	1618477265265	16.32543358
2157	1618477265359	5.83214231
2158	1618477265449	-47.04033667
2159	1618477265543	7.26612185
2160	1618477265637	-1.85068252
