2852	1616035312726	180.01804416
2853	1616035312820	188.66769454
2854	1616035312914	217.74961164
2855	1616035313008	203.57452611
2856	1616035313102	205.75983828
2857	1616035313196	180.95895836
2858	1616035313290	155.23507647
2859	1616035313384	145.76619806
2860	1616035313477	172.69059233
2861	1616035313571	197.98428243
2862	1616035313665	168.61970118
2863	1616035313759	195.76774894
2864	1616035313853	162.21888056
2865	1616035313947	163.11808382
2866	1616035314041	217.89438988
2867	1616035314135	201.68894072
2868	1616035314229	172.55858083
2869	1616035314323	158.31233716
2870	1616035314417	201.29026693
2871	1616035314511	204.45889637
2872	1616035314605	196.46181917
2873	1616035314698	175.81060810
2874	1616035314793	150.63843745
2875	1616035314888	181.93042060
2876	1616035314983	216.88402585
2877	1616035315078	157.32847335
2878	1616035315173	183.50485186
2879	1616035315268	221.65183095
2880	1616035315363	174.61559870
2881	1616035315458	177.08316842
2882	1616035315553	148.17252972
2883	1616035315648	198.05748593
2884	1616035315743	162.58599986
2885	1616035315838	143.01112913
2886	1616035315928	156.20318883
2887	1616035316022	188.57411842
2888	1616035316116	140.36654809
2889	1616035316210	145.27743212
2890	1616035316304	196.44192759
2891	1616035316398	178.47582216
2892	1616035316492	159.20334403
2893	1616035316586	172.18503634
2894	1616035316680	221.23955839
2895	1616035316774	210.70257236
2896	1616035316868	177.58991675
2897	1616035316962	200.93530581
2898	1616035317056	183.36389917
2899	1616035317146	134.46073397
2900	1616035317240	130.93728226
2901	1616035317334	157.32104449
2902	1616035317428	139.47654752
2903	1616035317522	187.16956081
2904	1616035317616	167.40509797
2905	1616035317710	192.05606721
2906	1616035317804	190.44448392
2907	1616035317898	196.74660617
2908	1616035317992	155.78296347
2909	1616035318086	190.33957584
2910	1616035318180	150.15506909
2911	1616035318274	195.28530203
2912	1616035318363	207.20932273
2913	1616035318457	194.58390462
2914	1616035318551	169.82958849
2915	1616035318645	188.63109634
2916	1616035318739	130.55035742
2917	1616035318833	123.85222617
2918	1616035318927	175.10419149
2919	1616035319021	190.35981895
2920	1616035319115	111.17921568
2921	1616035319209	122.68922244
2922	1616035319303	75.39816652
2923	1616035319397	105.77195190
2924	1616035319491	-16.27285090
2925	1616035319585	98.80580307
2926	1616035319679	-2.96005591
2927	1616035319773	-65.84957923
2928	1616035319867	58.47675943
2929	1616035319961	136.51808155
2930	1616035320055	239.24772497
2931	1616035320149	111.60078949
2932	1616035320243	103.62084101
2933	1616035320337	135.61587903
2934	1616035320431	128.35875401
2935	1616035320525	159.61099732
2936	1616035320619	154.07884675
2937	1616035320713	145.74573742
2938	1616035320801	120.05266525
2939	1616035320895	198.25364274
2940	1616035320989	196.16920299
2941	1616035321083	156.96185606
2942	1616035321177	191.53531327
2943	1616035321271	151.40280660
2944	1616035321365	169.54239446
2945	1616035321459	168.90201948
2946	1616035321553	175.28900422
2947	1616035321647	192.63831281
2948	1616035321741	172.14761212
2949	1616035321835	173.72066007
2950	1616035321929	196.09128766
2951	1616035322021	180.86515103
2952	1616035322115	162.34733283
2953	1616035322209	185.38789549
2954	1616035322303	203.39602185
2955	1616035322397	207.99484862
2956	1616035322491	146.82399612
2957	1616035322585	147.08993460
2958	1616035322679	207.55835002
2959	1616035322773	170.03804974
2960	1616035322867	123.69788309
2961	1616035322961	163.85636035
2962	1616035323055	169.20815413
2963	1616035323149	172.40488467
2964	1616035323241	202.63980943
2965	1616035323335	157.81969243
2966	1616035323429	203.95200908
2967	1616035323523	187.51244711
2968	1616035323617	145.78670509
2969	1616035323711	174.23037178
2970	1616035323805	194.80866122
2971	1616035323899	178.30539224
2972	1616035323993	191.88437557
2973	1616035324087	167.45783807
2974	1616035324181	195.32777889
2975	1616035324275	174.23385781
2976	1616035324369	241.66250882
2977	1616035324459	147.95483827
2978	1616035324553	248.49904560
2979	1616035324647	155.26411346
2980	1616035324741	212.43699371
2981	1616035324835	201.21987525
2982	1616035324929	156.31517033
2983	1616035325023	196.45770554
2984	1616035325117	163.77328713
2985	1616035325211	185.25253580
2986	1616035325305	183.04292103
2987	1616035325399	171.47623027
2988	1616035325493	169.37527921
2989	1616035325587	189.92133362
2990	1616035325676	157.46032925
2991	1616035325770	160.41392726
2992	1616035325864	206.44347129
2993	1616035325958	192.13334035
2994	1616035326052	147.27798702
2995	1616035326146	155.94643131
2996	1616035326240	126.30279026
2997	1616035326334	203.29881020
2998	1616035326428	199.70992049
2999	1616035326522	150.78590092
3000	1616035326616	194.72604565
3001	1616035326710	229.49110791
3002	1616035326804	142.39696417
3003	1616035326896	162.75807733
3004	1616035326990	138.84461069
3005	1616035327084	206.28088881
3006	1616035327178	174.87745406
3007	1616035327272	167.24288253
3008	1616035327366	188.05365268
3009	1616035327460	168.22830756
3010	1616035327554	170.15372406
3011	1616035327648	189.25033390
3012	1616035327742	163.88503757
3013	1616035327836	170.45129870
3014	1616035327930	178.34920014
3015	1616035328024	183.61413758
3016	1616035328113	194.51262732
3017	1616035328207	193.04713042
3018	1616035328301	143.40167858
3019	1616035328395	215.89290885
3020	1616035328489	184.79965837
3021	1616035328583	171.92232634
3022	1616035328677	154.46744562
3023	1616035328771	231.58376728
3024	1616035328865	237.95351200
3025	1616035328959	229.47515196
3026	1616035329053	183.37432818
3027	1616035329147	191.00304792
3028	1616035329241	219.99297119
3029	1616035329332	174.22017627
3030	1616035329426	193.98742381
3031	1616035329520	188.04862718
3032	1616035329614	230.80434909
3033	1616035329708	217.61015504
3034	1616035329802	176.81803250
3035	1616035329896	217.85272022
3036	1616035329990	178.20828613
3037	1616035330084	168.51029006
3038	1616035330178	170.09322437
3039	1616035330272	185.03139473
3040	1616035330366	162.46242360
3041	1616035330460	165.22204027
3042	1616035330560	144.82233727
3043	1616035330653	159.51627728
3044	1616035330746	184.23384191
3045	1616035330839	205.64658800
3046	1616035330932	200.40856486
3047	1616035331025	189.17008254
3048	1616035331118	140.65135504
3049	1616035331211	155.54264328
3050	1616035331304	172.31483587
3051	1616035331397	201.64206428
3052	1616035331490	162.23032045
3053	1616035331583	146.47476754
3054	1616035331676	210.91246686
3055	1616035331774	155.72918798
3056	1616035331868	143.79726692
3057	1616035331962	182.05156181
3058	1616035332056	173.03972434
3059	1616035332150	160.66418249
3060	1616035332244	172.31471408
3061	1616035332338	145.90126694
3062	1616035332432	160.37465620
3063	1616035332526	168.39220364
3064	1616035332620	117.84694613
3065	1616035332714	193.44573063
3066	1616035332808	130.60377560
3067	1616035332902	142.57480741
3068	1616035332996	191.58537711
3069	1616035333089	173.69537963
3070	1616035333182	160.51260145
3071	1616035333275	114.12904238
3072	1616035333368	140.99617726
3073	1616035333461	147.84181672
3074	1616035333554	143.67785329
3075	1616035333647	172.15600975
3076	1616035333740	186.71333902
3077	1616035333833	149.84650416
3078	1616035333926	115.79808959
3079	1616035334019	156.00102665
3080	1616035334112	109.40340537
3081	1616035334208	51.98870347
3082	1616035334302	65.72210761
3083	1616035334396	47.35251017
3084	1616035334490	170.60370686
3085	1616035334584	210.79910038
3086	1616035334678	217.04892618
3087	1616035334772	235.71673536
3088	1616035334866	130.25270359
3089	1616035334960	109.09527698
3090	1616035335054	115.73264147
3091	1616035335148	125.83273037
3092	1616035335242	125.59437623
3093	1616035335336	64.86815197
3094	1616035335428	-56.18926311
3095	1616035335522	-19.49340536
3096	1616035335616	-34.63089041
3097	1616035335710	-3.05210745
3098	1616035335804	100.18882158
3099	1616035335898	16.08794473
3100	1616035335992	68.33586462
3101	1616035336086	18.21949982
3102	1616035336180	-41.15898520
3103	1616035336274	-71.94368355
3104	1616035336368	-73.10538025
3105	1616035336462	-126.28782313
3106	1616035336556	17.86568537
3107	1616035336655	127.84956120
3108	1616035336749	148.01696579
3109	1616035336843	191.76768902
3110	1616035336937	227.98606412
3111	1616035337031	109.98549949
3112	1616035337125	17.66645237
3113	1616035337219	-0.48111263
3114	1616035337313	28.42484653
3115	1616035337407	84.59804058
3116	1616035337501	79.10124604
3117	1616035337595	116.85984499
3118	1616035337689	130.62007475
3119	1616035337783	180.45663118
3120	1616035337873	117.10386894
3121	1616035337968	93.01045873
3122	1616035338063	156.15122008
3123	1616035338158	126.53930405
3124	1616035338253	152.77746806
3125	1616035338348	177.00673103
3126	1616035338443	157.78246810
3127	1616035338538	148.40523144
3128	1616035338633	156.34816880
3129	1616035338728	183.72434808
3130	1616035338823	130.11995941
3131	1616035338918	178.71858419
3132	1616035339013	133.91708205
3133	1616035339110	176.52339887
3134	1616035339204	124.30214181
3135	1616035339298	177.01795195
3136	1616035339392	158.73050392
3137	1616035339486	162.74592867
3138	1616035339580	183.54374903
3139	1616035339674	140.55136821
3140	1616035339768	162.67221923
3141	1616035339862	168.97166781
3142	1616035339956	152.74758110
3143	1616035340050	177.42304255
3144	1616035340144	167.64200103
3145	1616035340238	147.64709159
3146	1616035340327	193.17177696
3147	1616035340421	173.50794800
3148	1616035340515	139.00861269
3149	1616035340609	137.75514182
3150	1616035340703	152.75699562
3151	1616035340797	172.61591148
3152	1616035340891	103.35831017
3153	1616035340985	141.07167463
3154	1616035341079	144.70903395
3155	1616035341173	121.96714895
3156	1616035341267	133.47914201
3157	1616035341361	160.77585289
3158	1616035341455	153.94762872
3159	1616035341555	151.93397291
3160	1616035341649	126.45880167
3161	1616035341743	156.90854919
3162	1616035341837	121.28856539
3163	1616035341931	195.18396962
3164	1616035342025	204.36991162
3165	1616035342119	149.34563983
3166	1616035342213	131.93452580
3167	1616035342307	182.90641671
3168	1616035342401	173.27805108
3169	1616035342495	206.69162945
3170	1616035342589	217.42347225
3171	1616035342683	109.07565942
3172	1616035342772	191.59178743
3173	1616035342866	155.68128582
3174	1616035342960	177.18421837
3175	1616035343054	178.96637402
3176	1616035343148	178.90645505
3177	1616035343242	184.59084116
3178	1616035343336	148.14399480
3179	1616035343430	136.22032299
3180	1616035343524	190.30592946
3181	1616035343618	139.27154655
3182	1616035343712	209.35428280
3183	1616035343806	144.98500187
3184	1616035343900	153.67937633
3185	1616035343991	158.49258885
