4775	1616113116972	-553.50576871
4776	1616113117066	-540.95241626
4777	1616113117160	-484.46268837
4778	1616113117254	-545.20641774
4779	1616113117348	-521.77955784
4780	1616113117442	-459.53352373
4781	1616113117536	-513.21038043
4782	1616113117630	-534.66717307
4783	1616113117724	-570.41761275
4784	1616113117815	-511.42639165
4785	1616113117909	-536.58197908
4786	1616113118003	-500.90576895
4787	1616113118097	-534.12054641
4788	1616113118191	-509.45919077
4789	1616113118285	-478.98957361
4790	1616113118379	-492.85183011
4791	1616113118473	-551.40233210
4792	1616113118567	-513.52454866
4793	1616113118661	-489.98682582
4794	1616113118755	-558.81994937
4795	1616113118849	-468.50705661
4796	1616113118943	-512.12620304
4797	1616113119032	-500.40380248
4798	1616113119126	-525.17332942
4799	1616113119220	-516.67238178
4800	1616113119314	-540.99337303
4801	1616113119408	-478.27922876
4802	1616113119502	-472.65868033
4803	1616113119596	-462.14114394
4804	1616113119690	-567.44425518
4805	1616113119784	-512.04940372
4806	1616113119878	-506.28856089
4807	1616113119972	-543.90929362
4808	1616113120066	-515.88470417
4809	1616113120160	-566.58570226
4810	1616113120252	-486.31085024
4811	1616113120346	-574.18477148
4812	1616113120440	-525.17868872
4813	1616113120534	-504.67785748
4814	1616113120628	-522.05476889
4815	1616113120722	-471.97516024
4816	1616113120816	-493.03930078
4817	1616113120910	-418.74364113
4818	1616113121004	-526.31526789
4819	1616113121098	-508.73228718
4820	1616113121192	-566.21039036
4821	1616113121286	-496.85296670
4822	1616113121380	-336.71267717
4823	1616113121469	-660.47434048
4824	1616113121563	-782.75275166
4825	1616113121657	-633.52133219
4826	1616113121751	-714.86871482
4827	1616113121845	-586.37549168
4828	1616113121939	-387.86377808
4829	1616113122033	-566.78724072
4830	1616113122127	-507.46902499
4831	1616113122221	-568.94731578
4832	1616113122315	-545.41422096
4833	1616113122409	-528.29549181
4834	1616113122503	-583.33532389
4835	1616113122597	-536.55813832
4836	1616113122689	-495.21791421
4837	1616113122783	-503.92415786
4838	1616113122877	-529.38887429
4839	1616113122971	-511.18513925
4840	1616113123065	-504.49684703
4841	1616113123159	-522.88426333
4842	1616113123253	-504.66364810
4843	1616113123347	-540.46325337
4844	1616113123441	-541.36324149
4845	1616113123535	-523.91267081
4846	1616113123629	-580.90016476
4847	1616113123723	-495.25945982
4848	1616113123817	-513.68122046
4849	1616113123908	-521.89904904
4850	1616113124002	-495.47977420
4851	1616113124096	-505.49995219
4852	1616113124190	-487.28667861
4853	1616113124284	-473.39733044
4854	1616113124378	-510.02200394
4855	1616113124472	-533.29111875
4856	1616113124566	-496.40852004
4857	1616113124660	-533.20210012
4858	1616113124754	-534.43537451
4859	1616113124848	-525.79613910
4860	1616113124942	-481.74782312
4861	1616113125036	-493.72758775
4862	1616113125127	-489.07643141
4863	1616113125221	-510.61146159
4864	1616113125315	-498.59343511
4865	1616113125409	-499.74623575
4866	1616113125503	-534.44485545
4867	1616113125597	-498.08530638
4868	1616113125691	-517.02501540
4869	1616113125785	-526.81902076
4870	1616113125879	-526.52749603
4871	1616113125973	-531.78772406
4872	1616113126067	-523.48030305
4873	1616113126161	-514.13740820
4874	1616113126255	-500.02013450
4875	1616113126344	-473.29624474
4876	1616113126438	-500.61789063
4877	1616113126532	-513.76576278
4878	1616113126626	-569.75300357
4879	1616113126720	-450.81308412
4880	1616113126814	-532.97381511
4881	1616113126908	-532.10365942
4882	1616113127002	-479.89350574
4883	1616113127096	-543.55842894
4884	1616113127190	-502.91244053
4885	1616113127284	-526.37815410
4886	1616113127378	-523.72028004
4887	1616113127472	-514.58124856
4888	1616113127564	-546.04642414
4889	1616113127658	-517.24272413
4890	1616113127752	-486.30533893
4891	1616113127846	-515.92738101
4892	1616113127940	-421.75424471
4893	1616113128034	-514.45335943
4894	1616113128128	-546.12547818
4895	1616113128222	-525.95659623
4896	1616113128316	-564.98674515
4897	1616113128410	-484.91495227
4898	1616113128504	-472.70767575
4899	1616113128598	-493.23097989
4900	1616113128692	-536.53139025
4901	1616113128782	-536.40120766
4902	1616113128876	-499.09237597
4903	1616113128970	-526.94041107
4904	1616113129064	-537.08378676
4905	1616113129158	-540.09316278
4906	1616113129252	-465.61311549
4907	1616113129346	-525.41127497
4908	1616113129440	-493.53407747
4909	1616113129534	-499.12718424
4910	1616113129628	-538.76104409
4911	1616113129722	-514.82783775
4912	1616113129816	-539.86519069
4913	1616113129910	-474.94734918
4914	1616113130001	-537.43334862
4915	1616113130095	-504.08769782
4916	1616113130189	-530.22053215
4917	1616113130283	-538.81295443
4918	1616113130377	-484.92298798
4919	1616113130471	-529.94663291
4920	1616113130565	-567.16351481
4921	1616113130659	-505.49868479
4922	1616113130753	-531.96145631
4923	1616113130847	-511.67731071
4924	1616113130941	-490.87642549
4925	1616113131035	-506.32034720
4926	1616113131129	-487.99674576
4927	1616113131221	-548.85925731
4928	1616113131315	-481.66228978
4929	1616113131409	-521.92498500
4930	1616113131503	-551.31759146
4931	1616113131597	-581.98466995
4932	1616113131691	-522.21942071
4933	1616113131785	-537.07997595
4934	1616113131879	-534.66278163
4935	1616113131973	-504.91968314
4936	1616113132067	-469.61765840
4937	1616113132161	-541.18732020
4938	1616113132255	-515.44204458
4939	1616113132349	-531.20098090
4940	1616113132441	-542.48319539
4941	1616113132535	-547.26319917
4942	1616113132629	-471.71664975
4943	1616113132723	-512.56188576
4944	1616113132817	-521.03536061
4945	1616113132911	-537.36392629
4946	1616113133005	-512.10939303
4947	1616113133099	-533.09165530
4948	1616113133193	-463.97171937
4949	1616113133287	-511.14150489
4950	1616113133381	-515.16552114
4951	1616113133475	-514.77519085
4952	1616113133569	-484.71916576
4953	1616113133659	-521.51315020
4954	1616113133753	-535.74329150
4955	1616113133847	-516.58413723
4956	1616113133941	-502.61999270
4957	1616113134035	-496.07942107
4958	1616113134129	-523.13204849
4959	1616113134223	-527.74535663
4960	1616113134317	-505.19931738
4961	1616113134411	-590.50949697
4962	1616113134505	-474.54494189
4963	1616113134599	-356.64912916
4964	1616113134693	-419.35685276
4965	1616113134787	-767.34530335
4966	1616113134879	-676.40956712
4967	1616113134974	-810.18347193
4968	1616113135069	-552.27830409
4969	1616113135164	-292.85891840
4970	1616113135259	-429.25273806
4971	1616113135354	-444.79866464
4972	1616113135449	-464.38943728
4973	1616113135544	-488.48305491
4974	1616113135639	-503.78882579
4975	1616113135734	-421.50195594
4976	1616113135829	-438.62043042
4977	1616113135924	-467.71697430
4978	1616113136019	-523.58282655
4979	1616113136109	-546.91185945
4980	1616113136204	-529.32118202
4981	1616113136299	-476.74056330
4982	1616113136394	-555.88771624
4983	1616113136489	-487.38974225
4984	1616113136584	-498.84796199
4985	1616113136679	-524.67538444
4986	1616113136774	-496.73109079
4987	1616113136869	-510.30417187
4988	1616113136964	-571.44891443
4989	1616113137059	-523.80739149
4990	1616113137154	-519.01878627
4991	1616113137249	-475.02665864
4992	1616113137338	-522.70739333
4993	1616113137432	-519.59451812
4994	1616113137526	-547.17393650
4995	1616113137620	-515.62267612
4996	1616113137714	-545.91829201
4997	1616113137808	-484.68804809
4998	1616113137902	-527.23793530
4999	1616113137996	-547.98283344
5000	1616113138090	-482.93425079
5001	1616113138184	-551.07135392
5002	1616113138278	-509.04632046
5003	1616113138372	-553.94969769
5004	1616113138466	-506.03244925
5005	1616113138558	-484.18566174
5006	1616113138652	-531.36584131
5007	1616113138746	-545.67349398
5008	1616113138840	-542.83589144
5009	1616113138934	-515.40928170
5010	1616113139028	-461.02658401
5011	1616113139122	-487.17474333
5012	1616113139216	-479.41541774
5013	1616113139310	-544.71608487
5014	1616113139404	-484.39534385
5015	1616113139498	-490.35194696
5016	1616113139592	-507.70989159
5017	1616113139686	-530.91750313
5018	1616113139776	-487.75237944
5019	1616113139871	-534.16386414
5020	1616113139966	-495.22991563
5021	1616113140061	-526.16588361
5022	1616113140156	-542.44452028
