7584	1618476693084	161.15010249
7585	1618476693178	234.36673828
7586	1618476693272	251.95117134
7587	1618476693366	224.98190131
7588	1618476693460	211.42637135
7589	1618476693554	198.06708488
7590	1618476693648	231.18034636
7591	1618476693742	188.49304814
7592	1618476693831	242.70215271
7593	1618476693925	191.36575324
7594	1618476694019	216.59084641
7595	1618476694113	205.33118495
7596	1618476694207	205.76092531
7597	1618476694301	195.28762431
7598	1618476694395	264.20825919
7599	1618476694489	228.11212582
7600	1618476694583	195.14720732
7601	1618476694677	248.63451705
7602	1618476694771	206.76869837
7603	1618476694865	269.31455721
7604	1618476694959	214.61424443
7605	1618476695049	218.31560540
7606	1618476695143	192.05350144
7607	1618476695237	264.27633309
7608	1618476695331	200.84794530
7609	1618476695425	212.25935423
7610	1618476695519	200.01575009
7611	1618476695613	198.37016972
7612	1618476695707	238.12112110
7613	1618476695801	286.13487405
7614	1618476695895	248.25949672
7615	1618476695989	181.45476267
7616	1618476696083	254.44189529
7617	1618476696177	227.08594418
7618	1618476696271	202.60613821
7619	1618476696364	236.53603748
7620	1618476696457	209.17689005
7621	1618476696550	275.38220597
7622	1618476696643	245.30507963
7623	1618476696736	199.77408436
7624	1618476696829	234.25095089
7625	1618476696922	158.64417722
7626	1618476697015	216.07473843
7627	1618476697108	262.86757627
7628	1618476697201	278.60772085
7629	1618476697294	218.94145251
7630	1618476697387	253.59620020
7631	1618476697486	276.81549552
7632	1618476697580	303.97907081
7633	1618476697674	293.90922207
7634	1618476697768	296.92229625
7635	1618476697862	314.32999885
7636	1618476697956	429.30430239
7637	1618476698050	301.58243753
7638	1618476698144	207.26075094
7639	1618476698238	191.98361604
7640	1618476698332	162.34989122
7641	1618476698426	154.05684777
7642	1618476698520	223.35236840
7643	1618476698614	375.04097113
7644	1618476698707	576.06426664
7645	1618476698801	472.85568310
7646	1618476698895	493.44227486
7647	1618476698989	392.97729137
7648	1618476699083	371.49966899
7649	1618476699177	316.70271924
7650	1618476699271	269.62795780
7651	1618476699365	252.80941095
7652	1618476699459	248.56221473
7653	1618476699553	275.17019687
7654	1618476699647	219.91105344
7655	1618476699741	235.22557298
7656	1618476699835	255.51538101
7657	1618476699925	205.79792226
7658	1618476700020	228.57117076
7659	1618476700115	247.35183417
7660	1618476700210	244.31980517
7661	1618476700305	269.28815639
7662	1618476700400	242.21985712
7663	1618476700495	227.17797771
7664	1618476700590	238.40560600
7665	1618476700685	224.16510580
7666	1618476700780	260.26804304
7667	1618476700875	223.41033544
7668	1618476700970	222.97649666
7669	1618476701065	212.95330339
7670	1618476701159	215.31666271
7671	1618476701253	244.14143199
7672	1618476701347	194.77322529
7673	1618476701441	218.52890366
7674	1618476701535	219.78774725
7675	1618476701629	247.96645583
7676	1618476701723	254.77228863
7677	1618476701817	270.71465090
7678	1618476701911	209.11012914
7679	1618476702005	248.45549582
7680	1618476702099	237.96726457
7681	1618476702193	226.87707530
7682	1618476702287	249.90917543
7683	1618476702379	192.72561249
7684	1618476702473	215.96228630
7685	1618476702567	202.48063999
7686	1618476702661	265.83315139
7687	1618476702755	254.01486010
7688	1618476702849	200.84630220
7689	1618476702943	193.36221902
7690	1618476703037	246.25386300
7691	1618476703131	212.62036311
7692	1618476703225	249.08528528
7693	1618476703319	278.34662139
7694	1618476703413	206.70630007
7695	1618476703507	248.38961853
7696	1618476703598	224.16008838
7697	1618476703692	276.75466976
7698	1618476703786	187.62788033
7699	1618476703880	192.84725204
7700	1618476703974	235.53443180
7701	1618476704068	270.25134950
7702	1618476704162	224.29351791
7703	1618476704256	209.13207691
7704	1618476704350	179.98075634
7705	1618476704444	241.92515346
7706	1618476704538	192.46326991
7707	1618476704632	290.38102742
7708	1618476704726	232.28762084
7709	1618476704819	231.32560452
7710	1618476704913	222.21705924
7711	1618476705007	211.79812272
7712	1618476705101	224.75094968
7713	1618476705195	244.16384244
7714	1618476705289	255.04212477
7715	1618476705383	230.15778656
7716	1618476705477	222.09120412
7717	1618476705571	230.05852023
7718	1618476705665	206.56082655
7719	1618476705759	274.69698888
7720	1618476705853	210.93793072
7721	1618476705947	208.71859250
7722	1618476706037	246.52673460
7723	1618476706132	218.39594497
7724	1618476706227	272.31858325
7725	1618476706322	240.43357106
7726	1618476706417	202.17934771
7727	1618476706512	258.09216469
7728	1618476706607	231.64278853
7729	1618476706702	271.51710805
7730	1618476706797	209.39469873
7731	1618476706892	238.90253038
7732	1618476706987	253.65520927
7733	1618476707082	202.12188697
7734	1618476707177	271.52598806
7735	1618476707268	231.94908177
7736	1618476707363	239.72152689
7737	1618476707458	163.30656038
7738	1618476707553	200.42354879
7739	1618476707648	203.33799016
7740	1618476707743	263.15584130
7741	1618476707838	177.82457798
7742	1618476707933	204.08923350
7743	1618476708028	232.35528542
7744	1618476708123	241.34438698
7745	1618476708218	250.75150217
7746	1618476708313	239.91752364
7747	1618476708408	216.70755472
7748	1618476708503	202.02744498
7749	1618476708597	274.48933032
7750	1618476708691	252.08060263
7751	1618476708785	228.32704016
7752	1618476708879	212.14389118
7753	1618476708973	228.38947717
7754	1618476709067	221.08584723
7755	1618476709161	220.53624729
7756	1618476709255	209.58474472
7757	1618476709349	258.51321296
7758	1618476709443	215.36457545
7759	1618476709537	216.63882669
7760	1618476709631	255.06663428
7761	1618476709722	236.51708896
7762	1618476709816	270.36303783
7763	1618476709910	180.52917195
7764	1618476710004	232.08687665
7765	1618476710098	233.51249431
7766	1618476710192	243.54325215
7767	1618476710286	226.06863977
7768	1618476710380	235.69217739
7769	1618476710474	251.97421380
7770	1618476710568	209.73112139
7771	1618476710662	254.11856665
7772	1618476710756	212.48718305
7773	1618476710850	232.59459368
7774	1618476710943	181.61098723
7775	1618476711038	194.12474331
7776	1618476711133	211.52502214
7777	1618476711228	192.06657384
7778	1618476711323	221.68014166
7779	1618476711418	261.30623202
7780	1618476711513	225.50632693
7781	1618476711608	236.24904395
7782	1618476711703	287.91659944
7783	1618476711798	237.25489725
7784	1618476711893	231.05991348
7785	1618476711988	201.87124024
7786	1618476712083	239.63246843
7787	1618476712176	253.38320619
7788	1618476712271	211.46414856
7789	1618476712366	235.57488977
7790	1618476712461	196.04318315
7791	1618476712556	239.51740520
7792	1618476712651	217.45314901
7793	1618476712746	245.50467218
7794	1618476712841	176.02995082
7795	1618476712936	224.66242948
7796	1618476713031	253.72160019
7797	1618476713126	244.17216065
7798	1618476713221	222.78950034
7799	1618476713316	160.63101543
7800	1618476713412	263.70232849
7801	1618476713506	196.89436125
7802	1618476713600	256.31352340
7803	1618476713694	204.18195573
7804	1618476713788	196.62954001
7805	1618476713882	223.78134554
7806	1618476713976	194.18277476
7807	1618476714070	224.06880890
7808	1618476714164	365.81116499
7809	1618476714258	456.68001283
7810	1618476714352	464.40407597
7811	1618476714446	259.22980162
7812	1618476714540	123.51156366
7813	1618476714629	133.74087274
7814	1618476714723	352.26770678
7815	1618476714817	343.67134764
7816	1618476714911	277.36514528
7817	1618476715005	261.38463591
7818	1618476715099	242.13770945
7819	1618476715193	216.80971941
7820	1618476715287	249.32697841
7821	1618476715381	243.22470181
7822	1618476715475	233.83410308
7823	1618476715569	238.61510074
7824	1618476715663	287.45060306
7825	1618476715757	160.87378310
7826	1618476715850	192.43852476
7827	1618476715944	214.70912532
7828	1618476716038	254.65357409
7829	1618476716132	231.66742426
7830	1618476716226	249.94850994
7831	1618476716320	225.78346148
7832	1618476716414	209.62739841
7833	1618476716508	253.20909601
7834	1618476716602	218.82569873
7835	1618476716696	259.19318403
7836	1618476716790	196.70560699
7837	1618476716884	267.10024237
7838	1618476716978	255.62119048
7839	1618476717070	221.05744441
7840	1618476717164	197.03890899
7841	1618476717258	214.50029069
7842	1618476717352	222.44927639
7843	1618476717446	260.31096469
7844	1618476717540	225.29666054
7845	1618476717634	250.89442804
7846	1618476717728	212.97748159
7847	1618476717822	225.12899779
7848	1618476717916	224.17835375
7849	1618476718010	309.73078517
7850	1618476718104	260.16687250
7851	1618476718198	246.01355540
7852	1618476718287	243.49875691
7853	1618476718381	263.71373411
7854	1618476718475	187.38442945
7855	1618476718569	162.25128283
7856	1618476718663	239.50190302
7857	1618476718757	218.49553378
7858	1618476718851	206.93316105
7859	1618476718945	248.20945739
7860	1618476719039	170.20400042
7861	1618476719133	259.07169005
7862	1618476719227	272.01715739
7863	1618476719321	197.50901854
7864	1618476719415	277.90285909
7865	1618476719506	261.64744471
7866	1618476719600	221.15471752
7867	1618476719694	224.07377682
7868	1618476719788	231.27096626
7869	1618476719882	236.24520350
7870	1618476719976	242.31298909
7871	1618476720070	282.35451561
