6109	1618476554441	-102.79219251
6110	1618476554532	-87.59689379
6111	1618476554626	-104.86017472
6112	1618476554720	-102.15907568
6113	1618476554814	-113.17878060
6114	1618476554908	-71.78935714
6115	1618476555002	-76.39716040
6116	1618476555096	-62.82587752
6117	1618476555190	-82.35589907
6118	1618476555284	-88.20276125
6119	1618476555378	-99.27577613
6120	1618476555472	-74.90304712
6121	1618476555566	-87.40630092
6122	1618476555660	-109.92877044
6123	1618476555750	-92.57238692
6124	1618476555844	-108.90944464
6125	1618476555938	-89.31621454
6126	1618476556032	-84.71028406
6127	1618476556126	-98.38107391
6128	1618476556220	-104.04783251
6129	1618476556314	-69.25026657
6130	1618476556408	-89.29470104
6131	1618476556502	-84.25861674
6132	1618476556596	-89.38003804
6133	1618476556690	-81.83987882
6134	1618476556784	-83.32791578
6135	1618476556878	-97.81299967
6136	1618476556968	-113.88147714
6137	1618476557062	-101.47042664
6138	1618476557156	-91.72834395
6139	1618476557250	-80.62477491
6140	1618476557344	-72.38520316
6141	1618476557438	-95.17663530
6142	1618476557532	-67.43405882
6143	1618476557626	-86.89509482
6144	1618476557720	-90.65713199
6145	1618476557814	-93.08683536
6146	1618476557908	-83.41599025
6147	1618476558002	-90.68383295
6148	1618476558096	-92.89768325
6149	1618476558187	-83.11439590
6150	1618476558281	-77.27786493
6151	1618476558375	-95.20113765
6152	1618476558469	-96.46317472
6153	1618476558563	-103.41187876
6154	1618476558657	-96.30684617
6155	1618476558751	-79.27527714
6156	1618476558845	-89.77629058
6157	1618476558939	-82.44892686
6158	1618476559033	-102.68483527
6159	1618476559127	-88.76401346
6160	1618476559221	-84.04270909
6161	1618476559315	-72.56181634
6162	1618476559405	-121.18751227
6163	1618476559499	-82.51912688
6164	1618476559593	-94.15250872
6165	1618476559687	-94.83347927
6166	1618476559781	-122.07241436
6167	1618476559875	-118.28457205
6168	1618476559969	-87.91523951
6169	1618476560063	-74.11750753
6170	1618476560157	-91.77568253
6171	1618476560251	-76.74737816
6172	1618476560345	-130.35502318
6173	1618476560439	-117.80671009
6174	1618476560533	-121.12913811
6175	1618476560632	-80.79368315
6176	1618476560726	-91.71444723
6177	1618476560820	-96.85669200
6178	1618476560914	-80.17426794
6179	1618476561008	-99.40010309
6180	1618476561102	-79.77312085
6181	1618476561196	-75.52130072
6182	1618476561290	-120.02603004
6183	1618476561384	-89.25997995
6184	1618476561478	-91.64387926
6185	1618476561572	-112.95142590
6186	1618476561666	-117.53093034
6187	1618476561760	-108.39007444
6188	1618476561850	-99.99529792
6189	1618476561945	-94.06578445
6190	1618476562040	-86.93137502
6191	1618476562135	-105.90736829
6192	1618476562230	-113.20200788
6193	1618476562325	-83.77701490
6194	1618476562420	-113.63545042
6195	1618476562515	-111.41916538
6196	1618476562610	-127.54207178
6197	1618476562705	-138.14582251
6198	1618476562800	-147.00439371
6199	1618476562895	-194.78934403
6200	1618476562990	-142.83388679
6201	1618476563085	-16.16524497
6202	1618476563179	8.40354390
6203	1618476563273	-9.42312714
6204	1618476563367	-54.91128917
6205	1618476563461	-98.18864760
6206	1618476563555	-149.62773973
6207	1618476563649	-165.73971949
6208	1618476563743	-208.89567340
6209	1618476563837	-220.54467840
6210	1618476563931	-213.00722412
6211	1618476564025	-160.83665220
6212	1618476564119	-145.60550392
6213	1618476564213	-91.46301722
6214	1618476564306	-63.46324786
6215	1618476564401	-56.20271715
6216	1618476564496	-4.28510996
6217	1618476564591	-3.37141026
6218	1618476564686	1.98904848
6219	1618476564781	8.55760603
6220	1618476564876	-20.72294230
6221	1618476564971	-32.71246017
6222	1618476565066	-54.73190479
6223	1618476565161	-40.75682217
6224	1618476565256	-69.35269555
6225	1618476565351	-95.94952852
6226	1618476565446	-102.51124439
6227	1618476565539	-67.33869837
6228	1618476565633	-98.54544860
6229	1618476565727	-82.32190759
6230	1618476565821	-79.48757022
6231	1618476565915	-92.31334366
6232	1618476566009	-104.64746669
6233	1618476566103	-102.58598653
6234	1618476566197	-97.98169591
6235	1618476566291	-83.40587178
6236	1618476566385	-107.23547392
6237	1618476566479	-61.21677062
6238	1618476566573	-85.57780348
6239	1618476566667	-85.53912333
6240	1618476566757	-93.60330570
6241	1618476566852	-90.40319945
6242	1618476566947	-87.66384332
6243	1618476567042	-89.84906961
6244	1618476567137	-74.51073443
6245	1618476567232	-73.49601966
6246	1618476567327	-85.65837815
6247	1618476567422	-103.00447857
6248	1618476567517	-104.45626378
6249	1618476567612	-90.50971374
6250	1618476567707	-96.60850313
6251	1618476567802	-87.52507555
6252	1618476567897	-70.76118742
6253	1618476567992	-89.17736743
6254	1618476568086	-99.53875689
6255	1618476568180	-112.18297930
6256	1618476568274	-94.34486218
6257	1618476568368	-90.07199280
6258	1618476568462	-106.46837005
6259	1618476568556	-92.65335388
6260	1618476568650	-74.95320641
6261	1618476568744	-99.47974100
6262	1618476568838	-90.83320220
6263	1618476568932	-80.13820310
6264	1618476569026	-69.76213048
6265	1618476569120	-84.28788759
6266	1618476569212	-112.73801974
6267	1618476569307	-75.42501690
6268	1618476569402	-102.34512559
6269	1618476569497	-98.09034022
6270	1618476569592	-110.13863882
6271	1618476569687	-99.45953734
6272	1618476569782	-89.64892094
6273	1618476569877	-107.15790704
6274	1618476569972	-96.02207875
6275	1618476570067	-113.59298215
6276	1618476570162	-82.18460981
6277	1618476570257	-99.73936675
6278	1618476570352	-88.88143022
6279	1618476570443	-99.45311616
6280	1618476570537	-92.44565515
6281	1618476570631	-104.55127487
6282	1618476570725	-105.87767686
6283	1618476570819	-91.62863134
6284	1618476570913	-76.12015180
6285	1618476571007	-113.83651592
6286	1618476571101	-111.64818376
6287	1618476571195	-78.93146042
6288	1618476571289	-93.66299778
6289	1618476571383	-92.12489949
6290	1618476571477	-63.08416604
6291	1618476571571	-100.26491046
6292	1618476571662	-107.15924644
6293	1618476571756	-106.49100328
6294	1618476571850	-80.75216936
6295	1618476571944	-114.46965586
6296	1618476572038	-104.76023715
6297	1618476572132	-101.39350194
6298	1618476572226	-117.82242384
6299	1618476572320	-105.48657103
6300	1618476572414	-76.15359840
6301	1618476572508	-107.68441753
6302	1618476572602	-118.99724280
6303	1618476572696	-95.75377494
6304	1618476572790	-121.25126680
6305	1618476572883	-76.67442003
6306	1618476572977	-101.52513815
6307	1618476573071	-104.11299558
6308	1618476573165	-93.62082398
6309	1618476573259	-85.52945206
6310	1618476573353	-100.63651547
6311	1618476573447	-125.97340070
6312	1618476573541	-105.22207340
6313	1618476573635	-87.00676697
6314	1618476573729	-113.65588022
6315	1618476573823	-101.01065282
6316	1618476573917	-92.38272693
6317	1618476574011	-100.50823718
6318	1618476574102	-87.68404252
6319	1618476574198	-101.03140715
6320	1618476574294	-74.97793202
6321	1618476574390	-82.12151086
6322	1618476574486	-93.46251628
6323	1618476574582	-71.33340921
6324	1618476574678	-87.96310007
6325	1618476574774	-90.30668903
6326	1618476574870	-84.89395442
6327	1618476574966	-91.23510713
6328	1618476575062	-80.16737770
6329	1618476575158	-87.75712667
6330	1618476575254	-93.79005061
6331	1618476575354	-67.80847887
6332	1618476575446	-75.01708643
6333	1618476575538	-110.66916628
6334	1618476575630	-92.88710710
6335	1618476575722	-96.20543319
6336	1618476575814	-118.58316049
6337	1618476575906	-74.87714950
6338	1618476575998	-104.96282054
6339	1618476576090	-81.46247155
6340	1618476576182	-113.44079984
6341	1618476576274	-95.69123733
6342	1618476576366	-96.72547284
6343	1618476576458	-82.62082940
6344	1618476576554	-87.72628975
6345	1618476576648	-79.32440868
6346	1618476576742	-88.47293992
6347	1618476576836	-99.98765683
6348	1618476576930	-95.33744632
6349	1618476577024	-72.65396526
6350	1618476577118	-95.56369347
6351	1618476577212	-82.28196638
6352	1618476577306	-90.93813749
6353	1618476577400	-64.40650324
6354	1618476577494	-40.39663386
6355	1618476577588	-22.16681403
6356	1618476577682	-23.29344266
6357	1618476577776	-9.84714899
6358	1618476577871	-97.13973536
6359	1618476577966	-135.93703333
6360	1618476578061	-139.40824343
6361	1618476578156	-84.98733193
6362	1618476578251	-41.45432263
6363	1618476578346	-163.28141806
6364	1618476578441	-124.18811819
6365	1618476578536	-97.63492146
6366	1618476578631	-132.13483589
6367	1618476578726	-122.60100560
6368	1618476578821	-100.65615098
6369	1618476578916	-102.69838612
6370	1618476579009	-126.83491336
6371	1618476579103	-76.23808636
6372	1618476579197	-97.31324856
6373	1618476579291	-85.30388568
6374	1618476579385	-80.41264392
6375	1618476579479	-103.41474599
6376	1618476579573	-92.26159064
6377	1618476579667	-98.53521405
6378	1618476579761	-83.48664326
6379	1618476579855	-77.88451121
6380	1618476579949	-99.54568015
6381	1618476580043	-102.86538018
6382	1618476580137	-106.29125971
6383	1618476580227	-87.33389921
6384	1618476580322	-98.36339045
6385	1618476580417	-109.32579386
6386	1618476580512	-87.68626713
6387	1618476580607	-110.76634496
6388	1618476580702	-104.41299589
6389	1618476580797	-98.45632073
6390	1618476580892	-91.66802746
6391	1618476580987	-91.29158412
6392	1618476581082	-88.68559557
6393	1618476581177	-107.60009113
6394	1618476581272	-83.57959868
6395	1618476581367	-94.05429534
6396	1618476581463	-84.04663162
6397	1618476581557	-101.53181729
6398	1618476581651	-120.04503560
6399	1618476581745	-73.93384130
6400	1618476581839	-109.10762903
6401	1618476581933	-104.76609571
6402	1618476582027	-86.11348439
6403	1618476582121	-81.04776764
6404	1618476582215	-89.10618084
6405	1618476582309	-122.94974342
6406	1618476582403	-104.25739160
6407	1618476582497	-97.55510864
6408	1618476582591	-103.67397060
6409	1618476582681	-104.46393603
6410	1618476582775	-79.47504378
6411	1618476582869	-82.51615708
6412	1618476582963	-106.29354571
6413	1618476583057	-94.76627654
6414	1618476583151	-108.88398511
6415	1618476583245	-80.43145588
6416	1618476583339	-105.13911342
6417	1618476583433	-105.09543779
6418	1618476583527	-74.23105488
6419	1618476583621	-84.29803556
6420	1618476583715	-117.60949549
6421	1618476583809	-102.12812194
6422	1618476583897	-100.22125824
6423	1618476583991	-117.01470050
6424	1618476584085	-116.98667174
6425	1618476584179	-96.83299280
6426	1618476584273	-82.59251315
6427	1618476584367	-76.77016546
6428	1618476584461	-67.23920482
6429	1618476584555	-93.24119461
6430	1618476584649	-98.33270378
6431	1618476584743	-89.00746686
6432	1618476584837	-90.83463482
6433	1618476584931	-106.06300740
6434	1618476585025	-92.94664980
6435	1618476585118	-93.10492767
6436	1618476585212	-70.45338373
6437	1618476585306	-101.71939086
