7865	1618476719506	-96.13786657
7866	1618476719600	-89.74444766
7867	1618476719694	-114.44029121
7868	1618476719788	-84.67983693
7869	1618476719882	-99.33262069
7870	1618476719976	-85.25115778
7871	1618476720070	-93.34390073
7872	1618476720164	-75.43570842
7873	1618476720258	-117.06764138
7874	1618476720352	-126.06890356
7875	1618476720446	-75.07765776
7876	1618476720540	-100.17006080
7877	1618476720634	-77.32659937
7878	1618476720722	-37.07384245
7879	1618476720816	-97.76488641
7880	1618476720910	-98.71602773
7881	1618476721004	-90.00150133
7882	1618476721098	-116.43869445
7883	1618476721192	-97.71775217
7884	1618476721286	-81.04844804
7885	1618476721380	-96.27545903
7886	1618476721474	-92.20066057
7887	1618476721568	-118.25129166
7888	1618476721662	-80.62256309
7889	1618476721756	-71.25873767
7890	1618476721850	-126.97681136
7891	1618476721942	-85.02744762
7892	1618476722036	-79.05796710
7893	1618476722130	-91.66882637
7894	1618476722224	-86.82743611
7895	1618476722318	-72.42865277
7896	1618476722412	-62.23241948
7897	1618476722506	-93.81231384
7898	1618476722600	-114.12980226
7899	1618476722694	-99.46147750
7900	1618476722788	-90.62225611
7901	1618476722882	-115.99728065
7902	1618476722976	-85.94979507
7903	1618476723070	-111.76903637
7904	1618476723162	-64.91399298
7905	1618476723256	-118.39330735
7906	1618476723350	-61.02560668
7907	1618476723444	-120.57829482
7908	1618476723538	-133.18709939
7909	1618476723632	-82.54481427
7910	1618476723726	-121.05505633
7911	1618476723820	-102.26575905
7912	1618476723914	-109.91118970
7913	1618476724008	-146.09676604
7914	1618476724102	-163.34214771
7915	1618476724196	-128.64778606
7916	1618476724290	-110.33490631
7917	1618476724380	-121.19497241
7918	1618476724474	-159.72559780
7919	1618476724568	-174.63637806
7920	1618476724662	-90.59128158
7921	1618476724756	-1.49299555
7922	1618476724850	14.87994988
7923	1618476724944	-92.17700166
7924	1618476725038	-118.61922867
7925	1618476725132	-153.56374198
7926	1618476725226	-189.21620419
7927	1618476725320	-218.17552819
7928	1618476725414	-257.30305975
7929	1618476725508	-76.51658331
7930	1618476725599	-76.77553414
7931	1618476725693	8.15951557
7932	1618476725787	-27.54034426
7933	1618476725881	-52.66006415
7934	1618476725975	-21.36329660
7935	1618476726069	-12.17214078
7936	1618476726163	-23.73088609
7937	1618476726257	-48.16676960
7938	1618476726351	-80.76417321
7939	1618476726445	-49.93032956
7940	1618476726539	-72.71517351
7941	1618476726633	-82.18136281
7942	1618476726727	-76.58029519
7943	1618476726820	-79.17181256
7944	1618476726914	-81.72945865
7945	1618476727008	-71.69513908
7946	1618476727102	-72.97916863
7947	1618476727196	-80.16527902
7948	1618476727290	-98.96367716
7949	1618476727384	-100.14408094
7950	1618476727478	-92.56380915
7951	1618476727572	-78.78957125
7952	1618476727666	-105.29526741
7953	1618476727760	-85.03321971
7954	1618476727854	-89.02078644
7955	1618476727948	-86.87428960
7956	1618476728038	-83.81496262
7957	1618476728131	-81.60090993
7958	1618476728224	-99.37745678
7959	1618476728317	-114.88543862
7960	1618476728410	-98.85102256
7961	1618476728503	-81.03743022
7962	1618476728596	-70.66862914
7963	1618476728689	-86.88165771
7964	1618476728782	-62.94945615
7965	1618476728875	-87.59172007
7966	1618476728968	-98.69559296
7967	1618476729061	-86.48216852
7968	1618476729154	-93.21725190
7969	1618476729253	-59.08896625
7970	1618476729347	-93.61936134
7971	1618476729441	-98.73382587
7972	1618476729535	-104.55213278
7973	1618476729629	-76.20570097
7974	1618476729723	-115.46989077
7975	1618476729817	-113.81561007
7976	1618476729911	-118.28513578
7977	1618476730005	-113.88852771
7978	1618476730099	-86.74459056
7979	1618476730193	-88.22272590
7980	1618476730287	-114.73202135
7981	1618476730381	-92.80996195
7982	1618476730476	-92.27596141
7983	1618476730569	-93.65964855
7984	1618476730662	-133.76826408
7985	1618476730755	-80.12438175
7986	1618476730848	-82.21558500
7987	1618476730941	-92.80996549
7988	1618476731034	-70.47157736
7989	1618476731127	-75.29436131
7990	1618476731220	-116.68008432
7991	1618476731313	-77.18145361
7992	1618476731406	-103.82348633
7993	1618476731499	-115.35911719
7994	1618476731592	-84.72824416
7995	1618476731691	-104.69462194
7996	1618476731785	-75.00565325
7997	1618476731879	-90.36940953
7998	1618476731973	-68.59080543
7999	1618476732067	-96.56631343
8000	1618476732161	-72.54897170
8001	1618476732255	-100.01091031
8002	1618476732349	-74.26175148
8003	1618476732443	-84.21243881
8004	1618476732537	-96.92073242
8005	1618476732631	-61.10286391
8006	1618476732725	-110.31430466
8007	1618476732819	-94.49272912
8008	1618476732910	-82.12756694
8009	1618476733004	-82.04588600
8010	1618476733098	-110.08090782
8011	1618476733192	-114.18103876
8012	1618476733286	-104.44407597
8013	1618476733380	-89.23918906
8014	1618476733474	-100.15972304
8015	1618476733568	-90.43620081
8016	1618476733662	-68.76558540
8017	1618476733756	-87.77686376
8018	1618476733850	-93.25732307
8019	1618476733944	-81.88018495
8020	1618476734038	-99.55129752
8021	1618476734130	-99.49019856
8022	1618476734224	-101.65586772
8023	1618476734318	-92.20678549
8024	1618476734412	-70.47450367
8025	1618476734506	-77.88660674
8026	1618476734600	-75.37576498
8027	1618476734694	-112.77087917
8028	1618476734788	-102.02147725
8029	1618476734882	-73.43282473
8030	1618476734976	-89.01777703
8031	1618476735070	-106.12065399
8032	1618476735164	-76.16563630
8033	1618476735258	-120.23240945
8034	1618476735349	-81.10024719
8035	1618476735443	-114.05465978
8036	1618476735537	-79.41496556
8037	1618476735631	-95.62234426
8038	1618476735725	-76.01330738
8039	1618476735819	-98.22812806
8040	1618476735913	-116.01972530
8041	1618476736007	-101.77295700
8042	1618476736101	-113.19603873
8043	1618476736195	-91.37507791
8044	1618476736289	-97.35796573
8045	1618476736383	-68.29104809
8046	1618476736477	-106.92444605
8047	1618476736567	-100.90132658
8048	1618476736661	-104.89792800
8049	1618476736755	-81.67048107
8050	1618476736849	-89.86774330
8051	1618476736943	-120.41473172
8052	1618476737037	-55.72197981
8053	1618476737131	-75.00781577
8054	1618476737225	-100.06885042
8055	1618476737319	-125.25646712
8056	1618476737413	-89.38667004
8057	1618476737507	-95.22273048
8058	1618476737601	-101.72220018
8059	1618476737695	-84.31065263
8060	1618476737786	-82.93583753
8061	1618476737880	-56.95998804
8062	1618476737974	-109.40323094
8063	1618476738068	-74.81432363
8064	1618476738162	-111.18618898
8065	1618476738256	-78.49596913
8066	1618476738350	-91.33700314
8067	1618476738444	-82.11567425
8068	1618476738538	-78.14118990
8069	1618476738632	-113.34699903
8070	1618476738726	-113.65938678
8071	1618476738820	-88.75666390
8072	1618476738914	-121.67529159
8073	1618476739006	-82.86713616
8074	1618476739100	-87.49186317
8075	1618476739194	-116.22247091
8076	1618476739288	-80.51367394
8077	1618476739382	-81.32944763
8078	1618476739476	-109.03580596
8079	1618476739570	-79.26166230
8080	1618476739664	-93.21709041
8081	1618476739758	-118.56478133
8082	1618476739852	-70.60596812
8083	1618476739946	-90.75487935
8084	1618476740040	-68.30795646
8085	1618476740134	-104.83128717
8086	1618476740225	-96.49308887
8087	1618476740319	-85.96135982
8088	1618476740413	-74.79165608
8089	1618476740507	-98.63161149
8090	1618476740601	-81.29975002
8091	1618476740695	-105.30595221
8092	1618476740789	-71.47648153
8093	1618476740883	-125.38030135
8094	1618476740977	-67.78233554
8095	1618476741071	-103.01427789
8096	1618476741165	-109.37024546
8097	1618476741259	-51.43721101
8098	1618476741353	-89.18679491
8099	1618476741451	-73.75821586
8100	1618476741546	-32.60606144
8101	1618476741641	-28.02262220
8102	1618476741736	11.53260706
8103	1618476741831	-7.82049368
8104	1618476741926	-68.24495644
8105	1618476742021	-128.90014916
8106	1618476742116	-158.41410010
8107	1618476742211	-115.48483797
8108	1618476742306	-44.03047275
8109	1618476742401	-30.77824576
8110	1618476742496	-186.15370402
8111	1618476742591	-161.06809962
8112	1618476742685	-91.03428339
8113	1618476742779	-117.89416026
8114	1618476742873	-96.62117800
8115	1618476742967	-56.95288040
8116	1618476743061	-109.05731235
8117	1618476743155	-107.51180287
8118	1618476743249	-86.08703885
8119	1618476743343	-78.98302476
8120	1618476743437	-111.56233899
8121	1618476743531	-82.99290403
8122	1618476743625	-87.24015151
8123	1618476743719	-114.04658564
8124	1618476743813	-99.69952405
8125	1618476743903	-70.49528523
8126	1618476743997	-101.49270721
8127	1618476744091	-119.56850088
8128	1618476744185	-98.47827639
8129	1618476744279	-65.51089612
8130	1618476744373	-130.23270676
8131	1618476744467	-90.73664336
8132	1618476744561	-83.13443849
8133	1618476744655	-93.71462008
8134	1618476744749	-119.16650710
8135	1618476744843	-98.28577026
8136	1618476744937	-106.52199030
8137	1618476745031	-61.98546355
8138	1618476745123	-115.36026087
8139	1618476745217	-82.23087468
8140	1618476745311	-111.43909258
8141	1618476745405	-79.90787560
8142	1618476745499	-99.90145446
8143	1618476745593	-101.95808213
8144	1618476745687	-71.39901773
8145	1618476745781	-103.42303872
8146	1618476745875	-119.13505151
8147	1618476745969	-103.86039232
8148	1618476746063	-93.81091549
8149	1618476746157	-80.86788414
8150	1618476746251	-124.94524143
8151	1618476746341	-98.84562897
8152	1618476746435	-112.07372971
8153	1618476746529	-128.34722936
8154	1618476746623	-68.84186495
8155	1618476746717	-95.03817726
8156	1618476746811	-115.14608648
8157	1618476746905	-101.12318461
8158	1618476746999	-106.05874237
8159	1618476747093	-107.55271097
8160	1618476747187	-85.16746960
8161	1618476747281	-63.23249613
8162	1618476747375	-78.86243653
8163	1618476747469	-111.28173751
8164	1618476747564	-104.75676926
8165	1618476747659	-104.50603060
