13359	1610679677916	200.19973756
13360	1610679678010	195.07463392
13361	1610679678104	151.38656765
13362	1610679678198	234.01051586
13363	1610679678292	228.70620809
13364	1610679678390	166.14734418
13365	1610679678484	180.78936672
13366	1610679678578	133.06025159
13367	1610679678672	147.23803514
13368	1610679678766	110.11509668
13369	1610679678860	135.99662789
13370	1610679678954	155.75965766
13371	1610679679048	85.00957691
13372	1610679679142	186.29604145
13373	1610679679236	206.25821344
13374	1610679679330	160.08418372
13375	1610679679424	39.52943124
13376	1610679679518	149.09816792
13377	1610679679616	97.97757653
13378	1610679679710	131.11162769
13379	1610679679804	225.52528369
13380	1610679679898	50.30861627
13381	1610679679992	122.84390556
13382	1610679680086	197.62635702
13383	1610679680180	125.97376380
13384	1610679680274	124.54430471
13385	1610679680368	251.54609518
13386	1610679680462	177.40114275
13387	1610679680556	203.32123021
13388	1610679680650	181.61374828
13389	1610679680744	164.68754692
13390	1610679680842	217.10175107
13391	1610679680936	244.85037668
13392	1610679681030	82.97184275
13393	1610679681124	156.85593671
13394	1610679681218	156.50263634
13395	1610679681312	141.19583700
13396	1610679681406	202.41726802
13397	1610679681500	171.95465664
13398	1610679681594	246.75257961
13399	1610679681688	207.76092373
13400	1610679681782	215.61483799
13401	1610679681876	106.68399547
13402	1610679681970	119.30457632
13403	1610679682070	124.99808578
13404	1610679682164	214.75076201
13405	1610679682258	112.08335404
13406	1610679682352	112.39418681
13407	1610679682446	104.17194256
13408	1610679682540	274.84948514
13409	1610679682634	143.06326168
13410	1610679682728	167.19248434
13411	1610679682822	89.30848639
13412	1610679682916	182.43993614
13413	1610679683010	-101.06931165
13414	1610679683104	-368.44679245
13415	1610679683198	353.65370366
13416	1610679683297	342.25050115
13417	1610679683391	394.88749113
13418	1610679683485	593.75560904
13419	1610679683579	179.99717673
13420	1610679683673	98.52615506
13421	1610679683767	184.15944642
13422	1610679683861	130.80928565
13423	1610679683955	123.97151986
13424	1610679684049	194.59597818
13425	1610679684143	43.48597109
13426	1610679684237	187.37887019
13427	1610679684331	124.47310391
13428	1610679684425	124.40530242
13429	1610679684524	244.21681689
13430	1610679684618	132.62635713
13431	1610679684712	197.29004458
13432	1610679684806	170.95685939
13433	1610679684900	176.60751047
13434	1610679684994	147.20801715
13435	1610679685088	141.86923915
13436	1610679685182	226.93448234
13437	1610679685276	195.14898899
13438	1610679685370	138.03983854
13439	1610679685464	112.55546363
13440	1610679685558	131.23881986
13441	1610679685652	204.43675172
13442	1610679685744	211.27650957
13443	1610679685838	185.31565490
13444	1610679685932	84.96387560
13445	1610679686026	190.22888329
13446	1610679686120	214.87481260
13447	1610679686214	166.21915904
13448	1610679686308	246.18804740
13449	1610679686402	96.22375975
13450	1610679686496	188.13708462
13451	1610679686590	110.70549447
13452	1610679686684	206.89053315
13453	1610679686778	183.91192049
13454	1610679686872	239.18876575
13455	1610679686961	180.83962661
13456	1610679687055	142.32867372
13457	1610679687149	138.42583377
13458	1610679687243	145.22437982
13459	1610679687337	135.54480858
13460	1610679687431	219.82617296
13461	1610679687525	212.62234523
13462	1610679687619	89.35225565
13463	1610679687713	161.15868923
13464	1610679687807	163.24043001
13465	1610679687901	124.41587023
13466	1610679687995	181.08461261
13467	1610679688089	224.92489702
13468	1610679688180	196.41637086
13469	1610679688274	214.82435379
13470	1610679688368	127.23224523
13471	1610679688462	160.07565275
13472	1610679688556	123.11730770
13473	1610679688650	170.17208160
13474	1610679688744	174.20745949
13475	1610679688838	202.46591820
13476	1610679688932	218.31921332
13477	1610679689026	187.32399787
13478	1610679689120	116.88014733
13479	1610679689214	97.82506031
13480	1610679689308	182.75013063
13481	1610679689402	225.70320232
13482	1610679689495	156.32776397
13483	1610679689588	90.97040858
13484	1610679689681	252.89278714
13485	1610679689774	174.37772581
13486	1610679689867	166.11090013
13487	1610679689960	107.08229194
13488	1610679690053	161.16604034
13489	1610679690146	189.23017456
13490	1610679690239	178.98809996
13491	1610679690332	125.96170903
13492	1610679690425	153.88103908
13493	1610679690518	129.82528666
13494	1610679690615	235.03873886
13495	1610679690709	196.55376585
13496	1610679690803	134.93467394
13497	1610679690897	108.05994525
13498	1610679690991	168.89277239
13499	1610679691085	135.34751279
13500	1610679691179	140.68761649
13501	1610679691273	104.55069577
13502	1610679691367	115.10053976
13503	1610679691461	164.73115303
13504	1610679691555	144.47571227
13505	1610679691649	271.35074518
13506	1610679691743	187.07780269
13507	1610679691836	108.81189732
13508	1610679691930	88.60091267
13509	1610679692024	178.28800293
13510	1610679692118	139.64869133
13511	1610679692212	217.12534430
13512	1610679692306	172.07426660
13513	1610679692400	70.56837231
13514	1610679692494	112.74122441
13515	1610679692588	128.16814130
13516	1610679692682	175.25437063
13517	1610679692776	106.24721916
13518	1610679692870	165.28949088
13519	1610679692964	97.54332099
13520	1610679693055	160.71638796
13521	1610679693149	175.02632460
13522	1610679693243	221.95445961
13523	1610679693337	171.44756028
13524	1610679693431	123.82721196
13525	1610679693525	224.36628046
13526	1610679693619	151.22776341
13527	1610679693713	192.11590898
13528	1610679693807	129.96474083
13529	1610679693901	160.50844417
13530	1610679693995	122.52055307
13531	1610679694089	171.88510951
13532	1610679694183	191.47243811
13533	1610679694274	130.25867049
13534	1610679694368	131.73899702
13535	1610679694462	174.43425805
13536	1610679694556	121.45599626
13537	1610679694650	89.39401957
13538	1610679694744	172.27190307
13539	1610679694838	151.61135544
13540	1610679694932	149.66271360
13541	1610679695026	181.79721635
13542	1610679695120	185.05867027
13543	1610679695214	148.22185684
13544	1610679695308	106.11304022
13545	1610679695402	127.81308501
13546	1610679695492	184.66138075
13547	1610679695586	164.55365628
13548	1610679695680	132.79496612
13549	1610679695774	119.27730035
13550	1610679695868	184.13435078
13551	1610679695962	145.50306698
13552	1610679696056	190.18126332
13553	1610679696150	194.85723342
13554	1610679696244	139.41539794
13555	1610679696338	198.00910618
13556	1610679696432	158.64362845
13557	1610679696526	164.44195268
13558	1610679696620	54.32372303
13559	1610679696712	111.91547580
13560	1610679696806	110.34631488
13561	1610679696900	135.15472929
13562	1610679696994	156.56514333
13563	1610679697088	155.39854329
13564	1610679697182	159.24833529
13565	1610679697276	107.73499736
13566	1610679697370	170.43094648
13567	1610679697464	216.54436282
13568	1610679697558	115.60056451
13569	1610679697652	93.68875886
13570	1610679697746	85.71763882
13571	1610679697840	111.27039256
13572	1610679697933	70.87064997
13573	1610679698027	3.87341701
13574	1610679698121	18.13707440
13575	1610679698215	194.17133254
13576	1610679698309	293.89829058
13577	1610679698403	402.15760832
13578	1610679698497	376.58369690
13579	1610679698591	301.01964058
13580	1610679698685	425.80409637
13581	1610679698779	538.58445178
13582	1610679698873	424.85841120
13583	1610679698967	239.88181378
13584	1610679699061	130.60146634
13585	1610679699149	423.22742393
13586	1610679699243	309.71426480
13587	1610679699337	211.57124465
13588	1610679699431	284.97376956
13589	1610679699525	325.77727155
13590	1610679699619	388.41859578
13591	1610679699713	298.84842764
13592	1610679699807	-6.00223244
13593	1610679699901	78.29898289
13594	1610679699995	59.64683933
13595	1610679700089	63.08191525
13596	1610679700183	1.35237886
13597	1610679700277	111.19923310
13598	1610679700366	88.54051759
13599	1610679700461	115.79864661
13600	1610679700556	197.85925855
13601	1610679700651	78.95488859
13602	1610679700746	126.36748129
13603	1610679700841	197.02414830
13604	1610679700936	135.97557613
13605	1610679701031	136.63638730
13606	1610679701126	141.54502990
13607	1610679701221	156.69069375
13608	1610679701316	199.12515961
13609	1610679701411	194.86978077
13610	1610679701506	155.95270875
13611	1610679701597	204.40778251
13612	1610679701690	169.76071864
13613	1610679701783	190.95102431
13614	1610679701876	109.34023765
13615	1610679701969	234.37348233
13616	1610679702062	164.31063747
13617	1610679702155	33.24023008
13618	1610679702248	229.83099148
13619	1610679702341	155.66571141
13620	1610679702434	137.71024499
13621	1610679702527	129.28806590
13622	1610679702620	178.14073067
13623	1610679702713	113.61516739
13624	1610679702812	130.57803906
13625	1610679702906	130.65516198
13626	1610679703000	142.33851034
13627	1610679703094	134.34379428
13628	1610679703188	196.66834266
13629	1610679703282	168.59006460
13630	1610679703376	176.05783118
13631	1610679703470	180.81067198
13632	1610679703564	155.26596216
13633	1610679703658	110.70155100
13634	1610679703752	238.35985587
