7407	1618478188777	179.02397432
7408	1618478188871	222.18062380
7409	1618478188960	237.71154652
7410	1618478189055	278.75549902
7411	1618478189150	199.88387318
7412	1618478189245	258.46215486
7413	1618478189340	239.43329523
7414	1618478189435	233.04062788
7415	1618478189530	224.28106522
7416	1618478189625	241.58899031
7417	1618478189720	237.00493723
7418	1618478189815	225.96201604
7419	1618478189910	217.09714198
7420	1618478190005	250.11558008
7421	1618478190100	214.03437147
7422	1618478190197	202.26959479
7423	1618478190291	269.21955046
7424	1618478190385	202.58195223
7425	1618478190479	241.88783108
7426	1618478190573	212.08681631
7427	1618478190667	228.24118151
7428	1618478190761	248.01906565
7429	1618478190855	227.54437147
7430	1618478190949	216.93580653
7431	1618478191043	206.00456148
7432	1618478191137	191.04698931
7433	1618478191231	240.49348023
7434	1618478191325	258.62929477
7435	1618478191414	226.60366112
7436	1618478191508	199.78427575
7437	1618478191602	260.02211460
7438	1618478191696	183.34500784
7439	1618478191790	230.58222289
7440	1618478191884	216.26006015
7441	1618478191978	283.31942903
7442	1618478192072	232.31548663
7443	1618478192166	224.02843135
7444	1618478192260	218.75950199
7445	1618478192354	253.14733766
7446	1618478192448	258.53515706
7447	1618478192542	171.62598815
7448	1618478192633	245.36322251
7449	1618478192727	238.52620069
7450	1618478192821	227.91993913
7451	1618478192915	275.98196498
7452	1618478193009	255.44182654
7453	1618478193103	228.60650825
7454	1618478193197	213.17338480
7455	1618478193291	182.62077959
7456	1618478193385	216.51016369
7457	1618478193479	195.45188333
7458	1618478193573	252.76336917
7459	1618478193667	223.79202228
7460	1618478193761	225.16778521
7461	1618478193859	271.42831583
7462	1618478193953	253.80203836
7463	1618478194047	232.74160793
7464	1618478194141	280.20201132
7465	1618478194235	356.47590277
7466	1618478194329	399.49971246
7467	1618478194423	352.70153108
7468	1618478194517	234.64975828
7469	1618478194611	189.63581048
7470	1618478194705	140.20324470
7471	1618478194799	188.66962268
7472	1618478194893	165.27659775
7473	1618478194987	164.99797712
7474	1618478195082	258.10251022
7475	1618478195176	338.44322003
7476	1618478195270	469.10372036
7477	1618478195364	485.21604408
7478	1618478195458	510.71090100
7479	1618478195552	413.76047678
7480	1618478195646	409.28388140
7481	1618478195740	345.27183105
7482	1618478195834	309.99976788
7483	1618478195928	305.52964916
7484	1618478196022	227.33136245
7485	1618478196116	204.15449530
7486	1618478196210	211.63444249
7487	1618478196306	240.38737889
7488	1618478196400	238.09019755
7489	1618478196494	256.11468735
7490	1618478196588	216.70280184
7491	1618478196682	253.88741957
7492	1618478196776	221.15155448
7493	1618478196870	193.72850829
7494	1618478196964	216.02835371
7495	1618478197058	233.18351703
7496	1618478197152	295.82977531
7497	1618478197246	203.46557159
7498	1618478197340	256.22999253
7499	1618478197434	245.36485293
7500	1618478197524	215.03351212
7501	1618478197619	243.92812153
7502	1618478197714	208.14843073
7503	1618478197809	204.72745033
7504	1618478197904	193.01962777
7505	1618478197999	210.73869893
7506	1618478198094	227.08391250
7507	1618478198189	181.64713843
7508	1618478198284	247.36137273
7509	1618478198379	238.88351715
7510	1618478198474	225.01082957
7511	1618478198569	224.92101570
7512	1618478198664	266.75465261
7513	1618478198762	216.70543582
7514	1618478198856	213.52402083
7515	1618478198950	219.05674000
7516	1618478199044	227.83935574
7517	1618478199138	200.12691541
7518	1618478199232	259.30891403
7519	1618478199326	193.06533546
7520	1618478199420	250.25026294
7521	1618478199514	303.99107784
7522	1618478199608	269.72680694
7523	1618478199702	255.46364868
7524	1618478199796	202.01708868
7525	1618478199890	244.33098132
7526	1618478199978	217.09277733
7527	1618478200073	251.77470101
7528	1618478200168	249.54150140
7529	1618478200263	218.55643705
7530	1618478200358	199.38822803
7531	1618478200453	220.63133911
7532	1618478200548	214.86747938
7533	1618478200643	240.25962628
7534	1618478200738	253.35848382
7535	1618478200833	224.81380274
7536	1618478200928	206.85826397
7537	1618478201023	223.86828810
7538	1618478201118	249.42406403
7539	1618478201207	225.10745724
7540	1618478201301	236.69169300
7541	1618478201395	232.19504937
7542	1618478201489	194.41991979
7543	1618478201583	206.15792666
7544	1618478201677	211.79123570
7545	1618478201771	242.39028994
7546	1618478201865	222.94451931
7547	1618478201959	260.19202322
7548	1618478202053	244.12262154
7549	1618478202147	271.45496201
7550	1618478202241	258.19709682
7551	1618478202335	255.41854594
7552	1618478202423	245.39266461
7553	1618478202517	226.06285539
7554	1618478202611	259.62663574
7555	1618478202705	244.34092949
7556	1618478202799	279.41532750
7557	1618478202893	236.15153304
7558	1618478202987	223.54355292
7559	1618478203081	229.71681976
7560	1618478203175	224.93040169
7561	1618478203269	205.27423604
7562	1618478203363	266.37694250
7563	1618478203457	223.99898102
7564	1618478203551	247.37561103
7565	1618478203641	172.75063739
7566	1618478203735	228.43205643
7567	1618478203829	231.93402436
7568	1618478203923	236.15519395
7569	1618478204017	193.24864488
7570	1618478204111	233.71449080
7571	1618478204205	198.35052992
7572	1618478204299	209.86522109
7573	1618478204393	236.66312045
7574	1618478204487	226.93953164
7575	1618478204581	207.98465941
7576	1618478204675	231.38492448
7577	1618478204769	242.03021683
7578	1618478204861	275.15863371
7579	1618478204955	235.63642102
7580	1618478205049	216.53414351
7581	1618478205143	264.41768142
7582	1618478205237	239.18667780
7583	1618478205331	254.26723864
7584	1618478205425	206.27970332
7585	1618478205519	207.57621445
7586	1618478205613	187.55622083
7587	1618478205707	246.62931024
7588	1618478205801	266.49320971
7589	1618478205895	215.67072547
7590	1618478205989	243.45036081
7591	1618478206081	246.86284336
7592	1618478206175	234.91070302
7593	1618478206269	255.16062464
7594	1618478206363	229.08598369
7595	1618478206457	211.38112259
7596	1618478206551	194.57501568
7597	1618478206645	234.13130823
7598	1618478206739	199.76895333
7599	1618478206833	246.01475523
7600	1618478206927	217.59839363
7601	1618478207021	202.61254711
7602	1618478207115	235.68393164
7603	1618478207209	222.15786711
7604	1618478207297	236.89758362
7605	1618478207391	228.81856927
7606	1618478207485	235.90782593
7607	1618478207579	214.53512824
7608	1618478207673	201.05157047
7609	1618478207767	197.33508539
7610	1618478207861	205.04625477
7611	1618478207955	217.34395050
7612	1618478208049	253.40029360
7613	1618478208143	224.94080820
7614	1618478208237	217.77465161
7615	1618478208331	207.77363681
7616	1618478208425	185.37262799
7617	1618478208516	254.63206002
7618	1618478208610	205.79178646
7619	1618478208704	222.43847152
7620	1618478208798	223.04891133
7621	1618478208892	223.14152745
7622	1618478208986	294.11243992
7623	1618478209080	222.92217098
7624	1618478209174	217.19687773
7625	1618478209268	245.19714098
7626	1618478209362	223.60862285
7627	1618478209456	197.23769970
7628	1618478209550	239.76446774
7629	1618478209644	214.57872831
7630	1618478209735	225.68406036
7631	1618478209829	250.82975729
7632	1618478209923	247.46480929
7633	1618478210017	205.75016644
7634	1618478210111	237.46478195
7635	1618478210205	223.98894029
7636	1618478210299	206.22663058
7637	1618478210393	201.08707298
7638	1618478210487	205.19963971
7639	1618478210581	251.35013164
7640	1618478210675	149.20441636
7641	1618478210769	200.67594255
7642	1618478210863	244.41745837
7643	1618478210954	197.19764255
7644	1618478211048	233.15103427
7645	1618478211142	213.88471809
7646	1618478211236	204.91085603
7647	1618478211330	188.45333667
7648	1618478211424	214.76585916
7649	1618478211518	224.10393211
7650	1618478211612	209.56677368
7651	1618478211706	233.34845036
7652	1618478211800	257.09148998
7653	1618478211894	261.73375009
7654	1618478211988	214.56329267
7655	1618478212082	201.92986459
7656	1618478212173	224.89550082
7657	1618478212267	251.65762332
7658	1618478212361	273.90322054
7659	1618478212455	358.87949088
7660	1618478212549	415.93969061
7661	1618478212643	475.76421699
7662	1618478212737	448.95031323
7663	1618478212831	295.17161418
7664	1618478212925	165.77775697
7665	1618478213019	188.00364161
7666	1618478213113	106.56848276
7667	1618478213207	254.47897339
7668	1618478213301	339.34274826
7669	1618478213392	321.12422437
7670	1618478213486	217.73759055
7671	1618478213580	205.85206110
7672	1618478213674	260.91094615
7673	1618478213768	248.21002400
7674	1618478213862	203.74056818
7675	1618478213956	271.00280447
7676	1618478214050	190.03684365
7677	1618478214144	262.15184211
7678	1618478214238	243.68468515
7679	1618478214332	233.07147717
7680	1618478214426	235.17809942
7681	1618478214520	283.38324795
7682	1618478214611	203.65836466
7683	1618478214705	247.36349118
7684	1618478214799	181.00764752
7685	1618478214893	255.19708093
7686	1618478214987	204.74059587
7687	1618478215081	301.73112960
7688	1618478215175	242.12699766
7689	1618478215269	230.46233978
7690	1618478215363	242.91241830
7691	1618478215457	261.81197160
7692	1618478215551	230.69933046
7693	1618478215645	252.94862232
7694	1618478215739	216.15343650
7695	1618478215828	215.75252887
7696	1618478215922	199.08620785
7697	1618478216016	204.66047738
7698	1618478216110	244.88775855
7699	1618478216204	215.34663092
7700	1618478216298	252.33296664
7701	1618478216392	254.87478422
7702	1618478216486	194.92708859
7703	1618478216580	252.64139876
7704	1618478216674	247.96414547
7705	1618478216768	239.09108606
7706	1618478216862	249.28709874
7707	1618478216956	226.26817056
7708	1618478217047	232.16956750
7709	1618478217141	263.52432205
7710	1618478217235	218.78017527
7711	1618478217329	196.83253257
7712	1618478217423	274.17138124
7713	1618478217517	234.12649490
7714	1618478217611	260.92332478
7715	1618478217705	239.17531392
7716	1618478217799	231.20383775
7717	1618478217893	241.23648859
7718	1618478217987	291.31293325
7719	1618478218081	202.82163142
7720	1618478218175	190.32498001
7721	1618478218267	223.79125887
7722	1618478218361	263.32950263
7723	1618478218455	207.13473962
7724	1618478218549	201.00253218
7725	1618478218643	203.22671681
7726	1618478218737	264.77656200
7727	1618478218831	244.78715131
7728	1618478218925	212.79520343
7729	1618478219019	244.94511470
7730	1618478219113	218.39688095
7731	1618478219207	193.46517528
7732	1618478219301	264.78500994
7733	1618478219395	208.12649956
7734	1618478219485	188.29353133
7735	1618478219579	210.98563857
7736	1618478219673	241.02285363
7737	1618478219767	255.23310232
7738	1618478219861	234.21589675
