10680	1616113677764	-322
10681	1616113677858	-319
10682	1616113677952	-327
10683	1616113678046	-319
10684	1616113678140	-335
10685	1616113678234	-329
10686	1616113678324	-317
10687	1616113678418	-329
10688	1616113678512	-335
10689	1616113678606	-317
10690	1616113678700	-324
10691	1616113678794	-335
10692	1616113678888	-321
10693	1616113678982	-330
10694	1616113679076	-337
10695	1616113679170	-326
10696	1616113679264	-326
10697	1616113679358	-339
10698	1616113679452	-325
10699	1616113679543	-322
10700	1616113679637	-333
10701	1616113679731	-328
10702	1616113679825	-321
10703	1616113679919	-333
10704	1616113680013	-334
10705	1616113680107	-334
10706	1616113680201	-332
10707	1616113680295	-337
10708	1616113680389	-323
10709	1616113680483	-335
10710	1616113680577	-341
10711	1616113680671	-327
10712	1616113680763	-330
10713	1616113680857	-343
10714	1616113680951	-330
10715	1616113681045	-332
10716	1616113681139	-346
10717	1616113681233	-349
10718	1616113681327	-332
10719	1616113681421	-343
10720	1616113681515	-328
10721	1616113681609	-304
10722	1616113681703	-293
10723	1616113681797	-273
10724	1616113681891	-254
10725	1616113681982	-262
10726	1616113682076	-262
10727	1616113682170	-248
10728	1616113682264	-274
10729	1616113682358	-299
10730	1616113682452	-301
10731	1616113682546	-316
10732	1616113682640	-331
10733	1616113682734	-320
10734	1616113682828	-319
10735	1616113682922	-337
10736	1616113683016	-326
10737	1616113683110	-320
10738	1616113683200	-336
10739	1616113683294	-326
10740	1616113683388	-322
10741	1616113683482	-319
10742	1616113683576	-328
10743	1616113683670	-318
10744	1616113683764	-325
10745	1616113683858	-331
10746	1616113683952	-320
10747	1616113684046	-330
10748	1616113684140	-338
10749	1616113684234	-320
10750	1616113684328	-323
10751	1616113684419	-338
10752	1616113684513	-322
10753	1616113684607	-324
10754	1616113684701	-336
10755	1616113684795	-328
10756	1616113684889	-322
10757	1616113684983	-333
10758	1616113685077	-327
10759	1616113685171	-320
10760	1616113685265	-334
10761	1616113685359	-332
10762	1616113685453	-318
10763	1616113685547	-333
10764	1616113685637	-333
10765	1616113685731	-332
10766	1616113685825	-329
10767	1616113685919	-335
10768	1616113686013	-319
10769	1616113686107	-324
10770	1616113686201	-334
10771	1616113686295	-323
10772	1616113686389	-322
10773	1616113686483	-334
10774	1616113686577	-323
10775	1616113686671	-322
10776	1616113686765	-335
10777	1616113686856	-340
10778	1616113686950	-319
10779	1616113687044	-332
10780	1616113687138	-332
10781	1616113687232	-317
10782	1616113687326	-330
10783	1616113687420	-332
10784	1616113687514	-317
10785	1616113687608	-329
10786	1616113687702	-338
10787	1616113687796	-319
10788	1616113687890	-324
10789	1616113687984	-327
10790	1616113688076	-324
10791	1616113688170	-322
10792	1616113688264	-335
10793	1616113688358	-324
10794	1616113688452	-319
10795	1616113688546	-338
10796	1616113688640	-328
10797	1616113688734	-319
10798	1616113688828	-334
10799	1616113688922	-327
10800	1616113689016	-323
10801	1616113689110	-319
10802	1616113689204	-333
10803	1616113689292	-322
10804	1616113689387	-328
10805	1616113689482	-335
10806	1616113689577	-327
10807	1616113689672	-330
10808	1616113689767	-338
10809	1616113689862	-321
10810	1616113689957	-321
10811	1616113690052	-337
10812	1616113690147	-327
10813	1616113690242	-318
10814	1616113690337	-329
10815	1616113690432	-326
10816	1616113690522	-319
10817	1616113690616	-337
10818	1616113690710	-330
10819	1616113690804	-318
10820	1616113690898	-329
10821	1616113690992	-335
10822	1616113691086	-317
10823	1616113691180	-328
10824	1616113691274	-339
10825	1616113691368	-333
10826	1616113691462	-325
10827	1616113691556	-339
10828	1616113691650	-323
10829	1616113691738	-323
10830	1616113691833	-332
10831	1616113691928	-327
10832	1616113692023	-318
10833	1616113692118	-332
10834	1616113692213	-328
10835	1616113692308	-316
10836	1616113692403	-331
10837	1616113692498	-334
10838	1616113692593	-318
10839	1616113692688	-327
10840	1616113692783	-335
10841	1616113692878	-320
10842	1616113692972	-327
10843	1616113693066	-335
10844	1616113693160	-321
10845	1616113693254	-325
10846	1616113693348	-336
10847	1616113693442	-322
10848	1616113693536	-322
10849	1616113693630	-331
10850	1616113693724	-325
10851	1616113693818	-320
10852	1616113693912	-334
10853	1616113694006	-330
10854	1616113694100	-311
10855	1616113694192	-332
10856	1616113694286	-330
10857	1616113694380	-318
10858	1616113694474	-331
10859	1616113694568	-332
10860	1616113694662	-318
10861	1616113694756	-319
10862	1616113694850	-337
10863	1616113694944	-322
10864	1616113695038	-324
10865	1616113695132	-336
10866	1616113695226	-326
10867	1616113695320	-322
10868	1616113695410	-336
10869	1616113695505	-327
10870	1616113695600	-317
10871	1616113695695	-337
10872	1616113695790	-327
10873	1616113695885	-319
10874	1616113695980	-331
10875	1616113696075	-332
10876	1616113696170	-313
10877	1616113696265	-330
10878	1616113696360	-331
10879	1616113696455	-322
10880	1616113696550	-326
10881	1616113696645	-336
10882	1616113696740	-319
10883	1616113696835	-321
10884	1616113696930	-337
10885	1616113697025	-324
10886	1616113697120	-321
10887	1616113697215	-332
10888	1616113697310	-327
10889	1616113697405	-317
10890	1616113697500	-336
10891	1616113697595	-328
10892	1616113697690	-320
10893	1616113697785	-332
10894	1616113697879	-331
10895	1616113697973	-313
10896	1616113698067	-326
10897	1616113698161	-334
10898	1616113698255	-313
10899	1616113698349	-323
10900	1616113698443	-331
10901	1616113698537	-315
10902	1616113698631	-317
10903	1616113698725	-323
10904	1616113698819	-310
10905	1616113698913	-302
10906	1616113699007	-309
10907	1616113699099	-279
10908	1616113699193	-279
10909	1616113699287	-296
10910	1616113699381	-315
10911	1616113699475	-331
10912	1616113699569	-364
10913	1616113699663	-353
10914	1616113699757	-319
10915	1616113699851	-327
10916	1616113699945	-337
10917	1616113700039	-319
10918	1616113700133	-325
10919	1616113700227	-339
10920	1616113700318	-322
10921	1616113700413	-325
10922	1616113700508	-334
10923	1616113700603	-325
10924	1616113700698	-321
10925	1616113700793	-333
10926	1616113700888	-327
10927	1616113700983	-319
10928	1616113701078	-332
10929	1616113701173	-329
10930	1616113701268	-317
10931	1616113701363	-329
10932	1616113701458	-336
10933	1616113701552	-314
10934	1616113701647	-328
10935	1616113701742	-334
10936	1616113701837	-324
10937	1616113701932	-326
10938	1616113702027	-333
10939	1616113702122	-322
10940	1616113702217	-323
10941	1616113702312	-333
10942	1616113702407	-324
10943	1616113702502	-318
10944	1616113702597	-336
10945	1616113702692	-326
10946	1616113702786	-318
10947	1616113702880	-335
10948	1616113702974	-331
10949	1616113703068	-319
10950	1616113703162	-330
10951	1616113703256	-332
10952	1616113703350	-321
10953	1616113703444	-328
10954	1616113703538	-337
10955	1616113703632	-319
10956	1616113703726	-324
10957	1616113703820	-334
10958	1616113703914	-323
10959	1616113704007	-324
10960	1616113704101	-335
10961	1616113704195	-327
10962	1616113704289	-321
10963	1616113704383	-338
10964	1616113704477	-328
10965	1616113704571	-318
10966	1616113704665	-332
10967	1616113704759	-332
10968	1616113704853	-318
10969	1616113704947	-334
10970	1616113705041	-333
10971	1616113705135	-315
10972	1616113705224	-326
10973	1616113705319	-337
10974	1616113705414	-326
10975	1616113705509	-325
10976	1616113705604	-339
10977	1616113705699	-324
10978	1616113705794	-322
10979	1616113705889	-332
10980	1616113705984	-325
10981	1616113706079	-329
