1127	1618477168620	234
1128	1618477168714	243
1129	1618477168808	227
1130	1618477168902	234
1131	1618477168996	230
1132	1618477169090	232
1133	1618477169184	224
1134	1618477169278	244
1135	1618477169372	235
1136	1618477169466	233
1137	1618477169560	242
1138	1618477169654	238
1139	1618477169748	228
1140	1618477169842	238
1141	1618477169936	239
1142	1618477170030	223
1143	1618477170124	224
1144	1618477170212	240
1145	1618477170307	224
1146	1618477170402	234
1147	1618477170497	239
1148	1618477170592	229
1149	1618477170687	233
1150	1618477170782	245
1151	1618477170877	229
1152	1618477170972	228
1153	1618477171067	243
1154	1618477171162	234
1155	1618477171257	238
1156	1618477171352	244
1157	1618477171443	239
1158	1618477171538	228
1159	1618477171633	239
1160	1618477171728	242
1161	1618477171823	225
1162	1618477171918	237
1163	1618477172013	242
1164	1618477172108	227
1165	1618477172203	233
1166	1618477172298	239
1167	1618477172393	242
1168	1618477172488	238
1169	1618477172583	246
1170	1618477172678	237
1171	1618477172771	231
1172	1618477172864	240
1173	1618477172957	231
1174	1618477173050	222
1175	1618477173143	240
1176	1618477173236	239
1177	1618477173329	223
1178	1618477173422	239
1179	1618477173515	235
1180	1618477173608	224
1181	1618477173701	230
1182	1618477173794	237
1183	1618477173892	225
1184	1618477173986	228
1185	1618477174080	232
1186	1618477174174	203
1187	1618477174268	201
1188	1618477174362	199
1189	1618477174456	215
1190	1618477174550	193
1191	1618477174644	275
1192	1618477174738	242
1193	1618477174832	196
1194	1618477174926	184
1195	1618477175020	143
1196	1618477175111	138
1197	1618477175205	191
1198	1618477175299	321
1199	1618477175393	305
1200	1618477175487	328
1201	1618477175581	323
1202	1618477175675	300
1203	1618477175769	291
1204	1618477175863	292
1205	1618477175957	267
1206	1618477176051	256
1207	1618477176145	265
1208	1618477176239	245
1209	1618477176330	238
1210	1618477176424	252
1211	1618477176518	241
1212	1618477176612	228
1213	1618477176706	246
1214	1618477176800	241
1215	1618477176894	239
1216	1618477176988	240
1217	1618477177082	242
1218	1618477177176	230
1219	1618477177270	237
1220	1618477177364	250
1221	1618477177458	226
1222	1618477177549	240
1223	1618477177643	245
1224	1618477177737	232
1225	1618477177831	232
1226	1618477177925	241
1227	1618477178019	241
1228	1618477178113	227
1229	1618477178207	243
1230	1618477178301	237
1231	1618477178395	227
1232	1618477178489	234
1233	1618477178583	237
1234	1618477178677	224
1235	1618477178766	239
1236	1618477178860	245
1237	1618477178954	227
1238	1618477179048	234
1239	1618477179142	243
1240	1618477179236	230
1241	1618477179330	233
1242	1618477179424	244
1243	1618477179518	227
1244	1618477179612	232
1245	1618477179706	247
1246	1618477179800	231
1247	1618477179894	225
1248	1618477179988	245
1249	1618477180082	235
1250	1618477180176	223
1251	1618477180270	230
1252	1618477180364	242
1253	1618477180458	221
1254	1618477180552	237
1255	1618477180646	241
1256	1618477180740	228
1257	1618477180834	234
1258	1618477180928	242
1259	1618477181022	228
1260	1618477181116	232
1261	1618477181209	245
1262	1618477181302	231
1263	1618477181395	223
1264	1618477181488	247
1265	1618477181581	234
1266	1618477181674	227
1267	1618477181767	243
1268	1618477181860	237
1269	1618477181953	226
1270	1618477182046	243
1271	1618477182139	234
1272	1618477182232	226
1273	1618477182325	240
1274	1618477182424	241
1275	1618477182518	232
1276	1618477182612	234
1277	1618477182706	246
1278	1618477182800	230
1279	1618477182894	233
1280	1618477182988	246
1281	1618477183082	231
1282	1618477183176	229
1283	1618477183270	243
1284	1618477183364	232
1285	1618477183458	227
1286	1618477183552	241
1287	1618477183643	243
1288	1618477183737	228
1289	1618477183831	240
1290	1618477183925	237
1291	1618477184019	225
1292	1618477184113	239
1293	1618477184207	237
1294	1618477184301	228
1295	1618477184395	235
1296	1618477184489	246
1297	1618477184583	229
1298	1618477184677	236
1299	1618477184771	243
1300	1618477184862	231
1301	1618477184956	232
1302	1618477185050	245
1303	1618477185144	233
1304	1618477185238	231
1305	1618477185332	243
1306	1618477185426	239
1307	1618477185520	231
1308	1618477185614	242
1309	1618477185708	245
1310	1618477185802	232
1311	1618477185896	246
1312	1618477185990	251
1313	1618477186079	240
1314	1618477186173	255
1315	1618477186267	277
1316	1618477186361	283
1317	1618477186455	311
1318	1618477186549	326
1319	1618477186643	268
1320	1618477186737	225
1321	1618477186831	151
1322	1618477186925	132
1323	1618477187019	185
1324	1618477187113	234
1325	1618477187207	270
1326	1618477187299	203
1327	1618477187393	170
1328	1618477187487	161
1329	1618477187581	198
1330	1618477187675	228
1331	1618477187769	235
1332	1618477187863	220
1333	1618477187957	236
1334	1618477188051	241
1335	1618477188145	228
1336	1618477188239	227
1337	1618477188333	240
1338	1618477188427	227
1339	1618477188517	227
1340	1618477188611	250
1341	1618477188705	237
1342	1618477188799	227
1343	1618477188893	243
1344	1618477188987	237
1345	1618477189081	218
1346	1618477189175	243
1347	1618477189269	236
1348	1618477189363	228
1349	1618477189457	234
1350	1618477189551	240
1351	1618477189645	228
1352	1618477189735	236
1353	1618477189829	243
1354	1618477189923	230
1355	1618477190017	232
1356	1618477190111	246
1357	1618477190205	229
1358	1618477190299	225
1359	1618477190393	246
1360	1618477190487	237
1361	1618477190581	228
1362	1618477190675	240
1363	1618477190769	238
1364	1618477190863	222
1365	1618477190955	238
1366	1618477191049	242
1367	1618477191143	230
1368	1618477191237	236
1369	1618477191331	238
1370	1618477191425	227
1371	1618477191519	237
1372	1618477191613	248
1373	1618477191707	228
1374	1618477191801	230
1375	1618477191895	238
1376	1618477191989	228
1377	1618477192083	227
1378	1618477192175	242
1379	1618477192270	236
1380	1618477192365	224
1381	1618477192460	240
1382	1618477192555	238
1383	1618477192650	222
1384	1618477192745	237
1385	1618477192840	238
