6421	1618476583809	363
6422	1618476583897	414
6423	1618476583991	374
6424	1618476584085	361
6425	1618476584179	404
6426	1618476584273	386
6427	1618476584367	347
6428	1618476584461	397
6429	1618476584555	400
6430	1618476584649	350
6431	1618476584743	382
6432	1618476584837	409
6433	1618476584931	357
6434	1618476585025	370
6435	1618476585118	412
6436	1618476585212	380
6437	1618476585306	352
6438	1618476585400	409
6439	1618476585494	383
6440	1618476585588	346
6441	1618476585682	401
6442	1618476585776	401
6443	1618476585870	349
6444	1618476585964	385
6445	1618476586058	409
6446	1618476586152	353
6447	1618476586246	370
6448	1618476586339	398
6449	1618476586433	363
6450	1618476586527	364
6451	1618476586621	414
6452	1618476586715	381
6453	1618476586809	350
6454	1618476586903	405
6455	1618476586997	399
6456	1618476587091	345
6457	1618476587185	387
6458	1618476587279	407
6459	1618476587373	354
6460	1618476587467	404
6461	1618476587555	417
6462	1618476587649	368
6463	1618476587743	360
6464	1618476587837	412
6465	1618476587931	380
6466	1618476588025	350
6467	1618476588119	404
6468	1618476588213	394
6469	1618476588307	345
6470	1618476588401	391
6471	1618476588495	408
6472	1618476588589	415
6473	1618476588683	376
6474	1618476588773	411
6475	1618476588867	359
6476	1618476588961	364
6477	1618476589055	410
6478	1618476589149	373
6479	1618476589243	349
6480	1618476589337	405
6481	1618476589431	387
6482	1618476589525	351
6483	1618476589619	391
6484	1618476589713	393
6485	1618476589807	341
6486	1618476589901	375
6487	1618476589994	404
6488	1618476590088	352
6489	1618476590182	355
6490	1618476590276	399
6491	1618476590370	355
6492	1618476590464	323
6493	1618476590558	370
6494	1618476590652	337
6495	1618476590746	305
6496	1618476590840	321
6497	1618476590934	322
6498	1618476591028	293
6499	1618476591122	346
6500	1618476591210	414
6501	1618476591304	400
6502	1618476591398	396
6503	1618476591492	416
6504	1618476591586	367
6505	1618476591680	356
6506	1618476591774	387
6507	1618476591868	294
6508	1618476591962	260
6509	1618476592056	377
6510	1618476592150	414
6511	1618476592244	413
6512	1618476592338	462
6513	1618476592430	484
6514	1618476592524	427
6515	1618476592618	421
6516	1618476592712	449
6517	1618476592806	395
6518	1618476592900	378
6519	1618476592994	427
6520	1618476593088	359
6521	1618476593182	361
6522	1618476593276	414
6523	1618476593370	398
6524	1618476593464	354
6525	1618476593558	393
6526	1618476593648	408
6527	1618476593742	354
6528	1618476593836	375
6529	1618476593930	420
6530	1618476594024	363
6531	1618476594118	360
6532	1618476594212	349
6533	1618476594306	378
6534	1618476594400	356
6535	1618476594494	405
6536	1618476594588	390
6537	1618476594682	350
6538	1618476594776	393
6539	1618476594865	406
6540	1618476594959	348
6541	1618476595053	381
6542	1618476595147	417
6543	1618476595241	364
6544	1618476595335	375
6545	1618476595429	411
6546	1618476595523	373
6547	1618476595617	352
6548	1618476595711	407
6549	1618476595805	389
6550	1618476595899	345
6551	1618476595993	397
6552	1618476596085	400
6553	1618476596179	351
6554	1618476596273	380
6555	1618476596367	412
6556	1618476596461	387
6557	1618476596555	370
6558	1618476596649	411
6559	1618476596743	368
6560	1618476596837	357
6561	1618476596931	410
6562	1618476597025	384
6563	1618476597119	350
6564	1618476597213	399
6565	1618476597305	401
6566	1618476597399	348
6567	1618476597493	380
6568	1618476597587	407
6569	1618476597681	358
6570	1618476597775	368
6571	1618476597869	417
6572	1618476597963	367
6573	1618476598057	353
6574	1618476598151	409
6575	1618476598245	382
6576	1618476598339	354
6577	1618476598433	402
6578	1618476598523	397
6579	1618476598617	350
6580	1618476598711	413
6581	1618476598805	402
6582	1618476598899	352
6583	1618476598993	374
6584	1618476599087	415
6585	1618476599181	368
6586	1618476599275	360
6587	1618476599369	412
6588	1618476599463	379
6589	1618476599557	348
6590	1618476599651	401
6591	1618476599743	391
6592	1618476599837	406
6593	1618476599931	390
6594	1618476600025	405
6595	1618476600119	356
6596	1618476600213	379
6597	1618476600307	412
6598	1618476600401	362
6599	1618476600495	359
6600	1618476600589	413
6601	1618476600683	379
6602	1618476600777	352
6603	1618476600871	406
6604	1618476600962	381
6605	1618476601056	348
6606	1618476601150	392
6607	1618476601244	404
6608	1618476601338	350
6609	1618476601432	378
6610	1618476601526	412
6611	1618476601620	362
6612	1618476601714	365
6613	1618476601808	416
6614	1618476601902	372
6615	1618476601996	353
6616	1618476602090	362
6617	1618476602178	389
6618	1618476602272	349
6619	1618476602366	396
6620	1618476602460	399
6621	1618476602554	351
6622	1618476602648	382
6623	1618476602742	408
6624	1618476602836	357
6625	1618476602930	368
6626	1618476603024	413
6627	1618476603118	369
6628	1618476603212	348
6629	1618476603306	408
6630	1618476603400	386
6631	1618476603494	347
6632	1618476603588	399
6633	1618476603682	398
6634	1618476603776	348
6635	1618476603870	384
6636	1618476603964	408
6637	1618476604058	356
6638	1618476604152	373
6639	1618476604246	413
6640	1618476604340	348
6641	1618476604434	357
6642	1618476604528	410
6643	1618476604626	382
6644	1618476604720	350
6645	1618476604814	402
6646	1618476604908	396
6647	1618476605002	347
6648	1618476605096	391
6649	1618476605190	407
6650	1618476605284	352
6651	1618476605378	376
6652	1618476605472	360
6653	1618476605566	367
6654	1618476605660	364
6655	1618476605754	416
6656	1618476605845	380
6657	1618476605940	357
6658	1618476606035	426
6659	1618476606130	414
6660	1618476606225	398
6661	1618476606320	465
6662	1618476606415	491
6663	1618476606510	373
6664	1618476606605	329
6665	1618476606700	395
6666	1618476606795	369
6667	1618476606890	395
6668	1618476606985	394
6669	1618476607078	317
6670	1618476607172	332
6671	1618476607266	359
6672	1618476607360	363
6673	1618476607454	336
6674	1618476607548	386
6675	1618476607642	401
6676	1618476607736	398
6677	1618476607830	374
6678	1618476607924	407
6679	1618476608018	357
6680	1618476608112	363
6681	1618476608206	407
6682	1618476608301	374
6683	1618476608395	350
6684	1618476608489	408
6685	1618476608583	389
6686	1618476608677	347
6687	1618476608771	397
6688	1618476608865	417
6689	1618476608959	351
6690	1618476609053	381
6691	1618476609147	411
6692	1618476609241	360
6693	1618476609335	369
6694	1618476609429	410
6695	1618476609523	369
6696	1618476609617	354
6697	1618476609711	408
6698	1618476609805	382
6699	1618476609899	353
6700	1618476609993	410
6701	1618476610087	399
6702	1618476610181	346
6703	1618476610275	385
6704	1618476610369	408
6705	1618476610463	353
6706	1618476610557	370
6707	1618476610651	422
6708	1618476610742	368
6709	1618476610837	352
6710	1618476610932	409
6711	1618476611027	382
6712	1618476611122	399
6713	1618476611217	400
6714	1618476611312	400
6715	1618476611407	349
6716	1618476611502	388
6717	1618476611597	411
6718	1618476611692	352
6719	1618476611787	373
6720	1618476611882	413
6721	1618476611983	367
6722	1618476612077	360
6723	1618476612171	410
6724	1618476612265	367
6725	1618476612359	350
6726	1618476612453	400
6727	1618476612547	393
6728	1618476612641	346
6729	1618476612735	392
6730	1618476612829	402
6731	1618476612923	354
6732	1618476613017	377
