10522	1616113662920	466
10523	1616113663014	480
10524	1616113663108	450
10525	1616113663202	463
10526	1616113663296	452
10527	1616113663390	454
10528	1616113663484	458
10529	1616113663578	478
10530	1616113663669	460
10531	1616113663764	449
10532	1616113663859	480
10533	1616113663954	465
10534	1616113664049	449
10535	1616113664144	474
10536	1616113664239	474
10537	1616113664334	449
10538	1616113664429	457
10539	1616113664524	475
10540	1616113664619	450
10541	1616113664714	465
10542	1616113664809	476
10543	1616113664902	450
10544	1616113664996	462
10545	1616113665090	480
10546	1616113665184	454
10547	1616113665278	456
10548	1616113665372	481
10549	1616113665466	462
10550	1616113665560	475
10551	1616113665654	477
10552	1616113665748	467
10553	1616113665842	450
10554	1616113665936	477
10555	1616113666030	472
10556	1616113666119	448
10557	1616113666213	470
10558	1616113666307	476
10559	1616113666401	448
10560	1616113666495	468
10561	1616113666589	478
10562	1616113666683	479
10563	1616113666777	460
10564	1616113666871	479
10565	1616113666965	457
10566	1616113667059	455
10567	1616113667153	478
10568	1616113667247	456
10569	1616113667340	453
10570	1616113667434	475
10571	1616113667528	463
10572	1616113667622	448
10573	1616113667716	477
10574	1616113667810	467
10575	1616113667904	446
10576	1616113667998	470
10577	1616113668092	473
10578	1616113668186	448
10579	1616113668280	467
10580	1616113668374	477
10581	1616113668468	450
10582	1616113668560	456
10583	1616113668655	479
10584	1616113668750	451
10585	1616113668845	448
10586	1616113668940	450
10587	1616113669035	462
10588	1616113669130	459
10589	1616113669225	485
10590	1616113669320	484
10591	1616113669415	477
10592	1616113669510	505
10593	1616113669605	504
10594	1616113669700	478
10595	1616113669794	491
10596	1616113669888	492
10597	1616113669982	455
10598	1616113670076	450
10599	1616113670170	470
10600	1616113670264	440
10601	1616113670358	444
10602	1616113670452	464
10603	1616113670546	440
10604	1616113670640	437
10605	1616113670734	465
10606	1616113670828	448
10607	1616113670922	441
10608	1616113671013	472
10609	1616113671107	454
10610	1616113671201	467
10611	1616113671295	472
10612	1616113671389	470
10613	1616113671483	446
10614	1616113671577	469
10615	1616113671671	474
10616	1616113671765	451
10617	1616113671859	463
10618	1616113671953	478
10619	1616113672047	451
10620	1616113672141	455
10621	1616113672232	481
10622	1616113672326	481
10623	1616113672420	454
10624	1616113672514	479
10625	1616113672608	460
10626	1616113672702	450
10627	1616113672796	475
10628	1616113672890	468
10629	1616113672984	452
10630	1616113673078	474
10631	1616113673172	471
10632	1616113673266	449
10633	1616113673360	470
10634	1616113673450	472
10635	1616113673544	451
10636	1616113673638	461
10637	1616113673732	480
10638	1616113673826	450
10639	1616113673920	461
10640	1616113674014	479
10641	1616113674108	457
10642	1616113674202	454
10643	1616113674296	479
10644	1616113674390	462
10645	1616113674484	450
10646	1616113674578	454
10647	1616113674667	467
10648	1616113674761	448
10649	1616113674855	475
10650	1616113674949	472
10651	1616113675043	449
10652	1616113675137	471
10653	1616113675231	481
10654	1616113675325	449
10655	1616113675419	465
10656	1616113675513	477
10657	1616113675607	452
10658	1616113675701	443
10659	1616113675795	482
10660	1616113675888	458
10661	1616113675982	455
10662	1616113676076	479
10663	1616113676170	462
10664	1616113676264	447
10665	1616113676358	481
10666	1616113676452	467
10667	1616113676546	448
10668	1616113676640	477
10669	1616113676734	474
10670	1616113676828	458
10671	1616113676922	467
10672	1616113677016	478
10673	1616113677106	449
10674	1616113677200	464
10675	1616113677294	478
10676	1616113677388	450
10677	1616113677482	458
10678	1616113677576	480
10679	1616113677670	458
10680	1616113677764	452
10681	1616113677858	480
10682	1616113677952	477
10683	1616113678046	452
10684	1616113678140	477
10685	1616113678234	468
10686	1616113678324	450
10687	1616113678418	476
10688	1616113678512	472
10689	1616113678606	450
10690	1616113678700	466
10691	1616113678794	478
10692	1616113678888	450
10693	1616113678982	464
10694	1616113679076	475
10695	1616113679170	454
10696	1616113679264	462
10697	1616113679358	484
10698	1616113679452	459
10699	1616113679543	455
10700	1616113679637	482
10701	1616113679731	461
10702	1616113679825	450
10703	1616113679919	474
10704	1616113680013	466
10705	1616113680107	448
10706	1616113680201	460
10707	1616113680295	475
10708	1616113680389	445
10709	1616113680483	468
10710	1616113680577	481
10711	1616113680671	453
10712	1616113680763	464
10713	1616113680857	482
10714	1616113680951	454
10715	1616113681045	462
10716	1616113681139	487
10717	1616113681233	467
10718	1616113681327	465
10719	1616113681421	501
10720	1616113681515	501
10721	1616113681609	487
10722	1616113681703	504
10723	1616113681797	484
10724	1616113681891	458
10725	1616113681982	469
10726	1616113682076	462
10727	1616113682170	411
10728	1616113682264	421
10729	1616113682358	430
10730	1616113682452	414
10731	1616113682546	431
10732	1616113682640	461
10733	1616113682734	438
10734	1616113682828	444
10735	1616113682922	471
10736	1616113683016	453
10737	1616113683110	446
10738	1616113683200	474
10739	1616113683294	460
10740	1616113683388	444
10741	1616113683482	478
10742	1616113683576	468
10743	1616113683670	447
10744	1616113683764	473
10745	1616113683858	474
10746	1616113683952	450
10747	1616113684046	465
10748	1616113684140	479
10749	1616113684234	451
10750	1616113684328	463
10751	1616113684419	481
10752	1616113684513	456
10753	1616113684607	458
10754	1616113684701	481
10755	1616113684795	460
10756	1616113684889	450
10757	1616113684983	481
10758	1616113685077	464
10759	1616113685171	448
10760	1616113685265	479
10761	1616113685359	474
10762	1616113685453	446
10763	1616113685547	468
10764	1616113685637	475
10765	1616113685731	450
10766	1616113685825	467
10767	1616113685919	477
10768	1616113686013	453
10769	1616113686107	460
10770	1616113686201	480
10771	1616113686295	453
10772	1616113686389	455
10773	1616113686483	481
10774	1616113686577	460
10775	1616113686671	450
10776	1616113686765	481
10777	1616113686856	469
10778	1616113686950	451
10779	1616113687044	474
10780	1616113687138	470
10781	1616113687232	444
