2486	1618476213966	461
2487	1618476214059	507
2488	1618476214152	534
2489	1618476214245	507
2490	1618476214338	466
2491	1618476214431	452
2492	1618476214524	491
2493	1618476214617	531
2494	1618476214710	519
2495	1618476214803	474
2496	1618476214902	454
2497	1618476214997	486
2498	1618476215092	526
2499	1618476215187	527
2500	1618476215282	487
2501	1618476215377	449
2502	1618476215472	468
2503	1618476215567	521
2504	1618476215662	535
2505	1618476215757	492
2506	1618476215852	452
2507	1618476215947	462
2508	1618476216042	506
2509	1618476216137	532
2510	1618476216231	506
2511	1618476216325	463
2512	1618476216419	452
2513	1618476216513	499
2514	1618476216607	533
2515	1618476216701	519
2516	1618476216795	472
2517	1618476216889	452
2518	1618476216983	483
2519	1618476217077	535
2520	1618476217171	529
2521	1618476217265	476
2522	1618476217358	452
2523	1618476217452	474
2524	1618476217546	517
2525	1618476217640	530
2526	1618476217734	496
2527	1618476217828	532
2528	1618476217922	460
2529	1618476218016	477
2530	1618476218110	533
2531	1618476218204	476
2532	1618476218298	456
2533	1618476218392	531
2534	1618476218486	495
2535	1618476218581	459
2536	1618476218675	516
2537	1618476218769	534
2538	1618476218863	451
2539	1618476218957	503
2540	1618476219051	529
2541	1618476219145	456
2542	1618476219239	479
2543	1618476219333	538
2544	1618476219427	472
2545	1618476219521	463
2546	1618476219615	527
2547	1618476219709	490
2548	1618476219802	453
2549	1618476219896	521
2550	1618476219990	508
2551	1618476220084	450
2552	1618476220178	509
2553	1618476220272	524
2554	1618476220366	453
2555	1618476220460	488
2556	1618476220554	530
2557	1618476220648	466
2558	1618476220742	471
2559	1618476220836	536
2560	1618476220930	483
2561	1618476221019	495
2562	1618476221113	529
2563	1618476221207	501
2564	1618476221301	449
2565	1618476221395	512
2566	1618476221489	518
2567	1618476221583	447
2568	1618476221677	496
2569	1618476221771	526
2570	1618476221865	455
2571	1618476221959	469
2572	1618476222053	528
2573	1618476222147	463
2574	1618476222237	452
2575	1618476222331	517
2576	1618476222425	481
2577	1618476222519	430
2578	1618476222613	496
2579	1618476222707	484
2580	1618476222801	411
2581	1618476222895	430
2582	1618476222989	458
2583	1618476223083	368
2584	1618476223177	370
2585	1618476223271	297
2586	1618476223365	293
2587	1618476223456	280
2588	1618476223551	328
2589	1618476223646	261
2590	1618476223741	416
2591	1618476223836	467
2592	1618476223931	475
2593	1618476224026	397
2594	1618476224121	472
2595	1618476224216	505
2596	1618476224311	491
2597	1618476224406	450
2598	1618476224501	490
2599	1618476224596	424
2600	1618476224686	490
2601	1618476224780	651
2602	1618476224874	750
2603	1618476224968	879
2604	1618476225062	643
2605	1618476225156	521
2606	1618476225250	425
2607	1618476225344	573
2608	1618476225438	743
2609	1618476225532	603
2610	1618476225626	559
2611	1618476225720	516
2612	1618476225814	489
2613	1618476225903	486
2614	1618476225998	552
2615	1618476226093	545
2616	1618476226188	469
2617	1618476226283	465
2618	1618476226378	497
2619	1618476226473	506
2620	1618476226568	521
2621	1618476226663	514
2622	1618476226758	451
2623	1618476226853	460
2624	1618476226948	528
2625	1618476227043	530
2626	1618476227138	491
2627	1618476227232	478
2628	1618476227326	470
2629	1618476227420	482
2630	1618476227514	540
2631	1618476227608	532
2632	1618476227702	456
2633	1618476227796	451
2634	1618476227890	506
2635	1618476227984	517
2636	1618476228078	516
2637	1618476228172	506
2638	1618476228266	456
2639	1618476228357	458
2640	1618476228451	532
2641	1618476228545	539
2642	1618476228639	475
2643	1618476228733	467
2644	1618476228827	480
2645	1618476228921	490
2646	1618476229015	536
2647	1618476229109	525
2648	1618476229203	452
2649	1618476229297	452
2650	1618476229391	521
2651	1618476229485	531
2652	1618476229574	501
2653	1618476229668	492
2654	1618476229762	460
2655	1618476229856	466
2656	1618476229950	537
2657	1618476230044	540
2658	1618476230138	467
2659	1618476230232	462
2660	1618476230326	490
2661	1618476230420	502
2662	1618476230514	532
2663	1618476230608	516
2664	1618476230702	449
2665	1618476230795	455
2666	1618476230889	524
2667	1618476230983	531
2668	1618476231077	493
2669	1618476231171	481
2670	1618476231265	467
2671	1618476231359	484
2672	1618476231453	544
2673	1618476231547	533
2674	1618476231641	461
2675	1618476231735	455
2676	1618476231829	496
2677	1618476231923	511
2678	1618476232011	524
2679	1618476232105	510
2680	1618476232199	455
2681	1618476232293	451
2682	1618476232387	529
2683	1618476232481	529
2684	1618476232575	488
2685	1618476232669	478
2686	1618476232763	476
2687	1618476232857	483
2688	1618476232951	534
2689	1618476233045	530
2690	1618476233139	456
2691	1618476233230	453
2692	1618476233324	512
2693	1618476233418	516
2694	1618476233512	512
2695	1618476233606	501
2696	1618476233700	455
2697	1618476233794	460
2698	1618476233888	535
2699	1618476233982	534
2700	1618476234076	472
2701	1618476234170	459
2702	1618476234264	481
2703	1618476234358	494
2704	1618476234451	528
2705	1618476234545	526
2706	1618476234639	454
2707	1618476234733	451
2708	1618476234827	519
2709	1618476234921	524
2710	1618476235015	502
2711	1618476235109	492
2712	1618476235203	460
2713	1618476235297	459
2714	1618476235391	536
2715	1618476235485	535
2716	1618476235579	470
2717	1618476235668	459
2718	1618476235762	484
2719	1618476235856	494
2720	1618476235950	531
2721	1618476236044	521
2722	1618476236138	452
2723	1618476236232	455
2724	1618476236326	517
2725	1618476236420	528
2726	1618476236514	499
2727	1618476236608	488
2728	1618476236702	462
2729	1618476236796	468
2730	1618476236886	537
2731	1618476236980	534
2732	1618476237074	466
2733	1618476237168	459
2734	1618476237262	493
2735	1618476237356	504
2736	1618476237450	526
2737	1618476237544	520
2738	1618476237638	455
2739	1618476237732	454
2740	1618476237826	525
2741	1618476237920	532
2742	1618476238014	492
2743	1618476238107	485
2744	1618476238201	470
2745	1618476238295	477
2746	1618476238389	537
2747	1618476238483	535
2748	1618476238577	459
2749	1618476238671	458
2750	1618476238765	499
2751	1618476238859	513
2752	1618476238953	517
2753	1618476239047	513
2754	1618476239141	454
2755	1618476239235	454
2756	1618476239327	530
2757	1618476239421	535
2758	1618476239515	487
2759	1618476239609	481
2760	1618476239703	472
2761	1618476239797	491
2762	1618476239891	538
2763	1618476239985	530
2764	1618476240079	461
2765	1618476240173	455
2766	1618476240267	510
2767	1618476240361	511
2768	1618476240455	517
2769	1618476240543	506
2770	1618476240637	449
2771	1618476240731	456
2772	1618476240825	530
2773	1618476240919	531
2774	1618476241013	484
2775	1618476241107	472
2776	1618476241201	479
2777	1618476241295	485
2778	1618476241389	536
2779	1618476241483	529
2780	1618476241577	455
2781	1618476241671	452
2782	1618476241764	506
2783	1618476241858	518
2784	1618476241952	511
2785	1618476242046	504
2786	1618476242140	454
2787	1618476242234	463
2788	1618476242328	530
2789	1618476242422	535
2790	1618476242516	479
2791	1618476242610	462
2792	1618476242704	477
2793	1618476242798	488
2794	1618476242892	535
2795	1618476242982	530
2796	1618476243076	454
2797	1618476243170	451
2798	1618476243264	508
2799	1618476243358	514
2800	1618476243452	508
2801	1618476243546	503
2802	1618476243640	458
2803	1618476243734	457
2804	1618476243828	535
2805	1618476243922	533
2806	1618476244016	474
2807	1618476244110	462
2808	1618476244203	476
2809	1618476244297	488
2810	1618476244391	530
2811	1618476244485	526
2812	1618476244579	453
2813	1618476244673	453
2814	1618476244767	514
2815	1618476244861	518
2816	1618476244955	505
2817	1618476245049	497
2818	1618476245143	456
2819	1618476245237	462
2820	1618476245331	531
2821	1618476245420	531
2822	1618476245514	473
2823	1618476245608	465
2824	1618476245702	483
2825	1618476245796	488
2826	1618476245890	528
2827	1618476245984	524
2828	1618476246078	452
2829	1618476246172	450
2830	1618476246266	515
2831	1618476246360	521
2832	1618476246454	504
2833	1618476246548	497
2834	1618476246638	460
2835	1618476246732	461
2836	1618476246826	537
2837	1618476246920	536
2838	1618476247014	471
2839	1618476247108	465
2840	1618476247202	486
2841	1618476247296	491
2842	1618476247390	532
2843	1618476247484	526
2844	1618476247578	451
2845	1618476247672	458
2846	1618476247766	511
2847	1618476247856	518
2848	1618476247950	506
2849	1618476248044	496
2850	1618476248138	455
2851	1618476248232	466
2852	1618476248326	532
2853	1618476248420	532
2854	1618476248514	477
2855	1618476248608	466
2856	1618476248702	480
2857	1618476248796	483
2858	1618476248890	531
2859	1618476248984	533
2860	1618476249076	454
2861	1618476249170	459
2862	1618476249264	506
2863	1618476249358	518
2864	1618476249452	506
2865	1618476249546	502
2866	1618476249640	452
2867	1618476249734	456
2868	1618476249828	527
2869	1618476249922	531
2870	1618476250016	481
2871	1618476250110	474
2872	1618476250204	472
2873	1618476250293	480
2874	1618476250388	531
2875	1618476250483	530
2876	1618476250578	458
2877	1618476250673	458
2878	1618476250768	504
2879	1618476250863	511
2880	1618476250958	516
2881	1618476251053	502
2882	1618476251148	457
2883	1618476251243	455
2884	1618476251338	524
2885	1618476251433	531
2886	1618476251522	485
2887	1618476251616	480
2888	1618476251710	472
2889	1618476251804	474
2890	1618476251898	536
2891	1618476251992	531
2892	1618476252086	458
2893	1618476252180	454
2894	1618476252274	492
2895	1618476252368	502
2896	1618476252462	527
2897	1618476252556	517
2898	1618476252650	452
2899	1618476252738	451
2900	1618476252832	521
2901	1618476252926	523
2902	1618476253020	503
2903	1618476253114	486
2904	1618476253208	463
2905	1618476253302	465
2906	1618476253396	537
2907	1618476253490	537
2908	1618476253584	469
2909	1618476253678	464
2910	1618476253772	489
2911	1618476253866	504
2912	1618476253959	527
2913	1618476254053	525
2914	1618476254147	453
2915	1618476254241	454
2916	1618476254335	513
2917	1618476254429	522
2918	1618476254523	511
2919	1618476254617	501
2920	1618476254711	455
2921	1618476254805	458
2922	1618476254899	535
2923	1618476254993	535
2924	1618476255087	478
2925	1618476255177	476
2926	1618476255271	476
2927	1618476255365	483
2928	1618476255459	535
2929	1618476255553	533
2930	1618476255647	458
2931	1618476255741	456
2932	1618476255835	499
2933	1618476255929	507
2934	1618476256023	515
2935	1618476256117	518
2936	1618476256211	452
2937	1618476256305	453
2938	1618476256397	527
2939	1618476256491	528
2940	1618476256585	495
2941	1618476256679	476
2942	1618476256773	466
2943	1618476256867	465
2944	1618476256961	532
2945	1618476257055	536
2946	1618476257149	468
2947	1618476257243	463
2948	1618476257337	485
2949	1618476257431	491
2950	1618476257525	530
2951	1618476257615	526
2952	1618476257710	452
2953	1618476257805	453
2954	1618476257900	513
2955	1618476257995	520
2956	1618476258090	506
2957	1618476258185	504
2958	1618476258280	457
2959	1618476258375	458
2960	1618476258470	530
2961	1618476258565	535
2962	1618476258660	482
2963	1618476258755	474
2964	1618476258848	469
2965	1618476258942	475
2966	1618476259036	534
2967	1618476259130	530
2968	1618476259224	462
2969	1618476259318	457
2970	1618476259412	496
2971	1618476259506	514
2972	1618476259600	518
2973	1618476259694	511
2974	1618476259788	446
2975	1618476259882	452
2976	1618476259976	521
2977	1618476260067	528
2978	1618476260161	492
2979	1618476260255	487
2980	1618476260349	451
2981	1618476260443	465
2982	1618476260537	533
2983	1618476260631	532
2984	1618476260725	471
2985	1618476260819	465
2986	1618476260913	485
2987	1618476261007	493
2988	1618476261101	545
2989	1618476261195	539
2990	1618476261286	474
2991	1618476261381	485
2992	1618476261476	566
2993	1618476261571	597
2994	1618476261666	621
2995	1618476261761	632
2996	1618476261856	625
2997	1618476261951	704
2998	1618476262046	788
2999	1618476262141	852
3000	1618476262236	824
3001	1618476262331	743
3002	1618476262426	617
3003	1618476262520	550
3004	1618476262615	524
3005	1618476262710	487
3006	1618476262805	421
3007	1618476262900	417
3008	1618476262995	429
3009	1618476263090	426
3010	1618476263185	477
3011	1618476263280	532
3012	1618476263375	540
3013	1618476263470	633
3014	1618476263565	735
3015	1618476263660	680
3016	1618476263754	568
3017	1618476263848	507
3018	1618476263942	486
3019	1618476264036	504
3020	1618476264130	550
3021	1618476264224	555
3022	1618476264318	494
3023	1618476264412	478
3024	1618476264506	489
3025	1618476264600	496
3026	1618476264694	533
3027	1618476264788	531
3028	1618476264882	453
3029	1618476264973	455
3030	1618476265067	510
3031	1618476265161	519
3032	1618476265255	507
3033	1618476265349	502
3034	1618476265443	452
3035	1618476265537	455
3036	1618476265631	530
3037	1618476265725	533
3038	1618476265819	483
3039	1618476265913	476
3040	1618476266007	472
3041	1618476266101	478
3042	1618476266193	533
3043	1618476266287	527
3044	1618476266381	462
3045	1618476266475	452
3046	1618476266569	497
3047	1618476266663	500
3048	1618476266757	519
3049	1618476266851	515
3050	1618476266945	452
3051	1618476267039	452
3052	1618476267133	519
3053	1618476267227	528
3054	1618476267321	497
3055	1618476267419	489
3056	1618476267513	457
3057	1618476267607	462
3058	1618476267701	532
3059	1618476267795	531
3060	1618476267889	467
3061	1618476267983	455
3062	1618476268077	480
3063	1618476268171	485
3064	1618476268265	530
3065	1618476268359	528
3066	1618476268453	452
3067	1618476268547	453
3068	1618476268639	510
3069	1618476268733	516
3070	1618476268827	506
3071	1618476268921	506
3072	1618476269015	448
3073	1618476269109	453
3074	1618476269203	531
3075	1618476269297	531
3076	1618476269391	486
3077	1618476269485	474
3078	1618476269579	464
3079	1618476269673	471
3080	1618476269767	533
3081	1618476269857	530
3082	1618476269951	462
3083	1618476270045	455
3084	1618476270139	492
3085	1618476270233	500
3086	1618476270327	523
3087	1618476270421	518
3088	1618476270515	450
3089	1618476270609	450
3090	1618476270703	517
3091	1618476270797	532
3092	1618476270891	499
3093	1618476270985	490
3094	1618476271076	456
3095	1618476271170	466
3096	1618476271264	530
3097	1618476271358	532
3098	1618476271452	474
3099	1618476271546	465
3100	1618476271640	480
3101	1618476271734	485
3102	1618476271828	530
3103	1618476271922	528
3104	1618476272016	454
3105	1618476272110	454
3106	1618476272204	507
3107	1618476272296	515
3108	1618476272390	511
3109	1618476272484	507
3110	1618476272578	449
3111	1618476272672	455
3112	1618476272766	527
3113	1618476272860	530
3114	1618476272954	485
3115	1618476273048	480
3116	1618476273142	464
3117	1618476273236	472
3118	1618476273330	535
3119	1618476273424	536
3120	1618476273514	461
3121	1618476273610	452
3122	1618476273706	489
3123	1618476273802	499
3124	1618476273898	524
3125	1618476273994	517
