2852	1616035312726	801
2853	1616035312820	773
2854	1616035312914	757
2855	1616035313008	827
2856	1616035313102	761
2857	1616035313196	844
2858	1616035313290	853
2859	1616035313384	764
2860	1616035313477	825
2861	1616035313571	868
2862	1616035313665	774
2863	1616035313759	797
2864	1616035313853	876
2865	1616035313947	795
2866	1616035314041	793
2867	1616035314135	872
2868	1616035314229	818
2869	1616035314323	762
2870	1616035314417	851
2871	1616035314511	851
2872	1616035314605	761
2873	1616035314698	829
2874	1616035314793	864
2875	1616035314888	775
2876	1616035314983	806
2877	1616035315078	875
2878	1616035315173	826
2879	1616035315268	780
2880	1616035315363	872
2881	1616035315458	813
2882	1616035315553	768
2883	1616035315648	857
2884	1616035315743	844
2885	1616035315838	763
2886	1616035315928	835
2887	1616035316022	864
2888	1616035316116	767
2889	1616035316210	808
2890	1616035316304	857
2891	1616035316398	785
2892	1616035316492	788
2893	1616035316586	872
2894	1616035316680	805
2895	1616035316774	765
2896	1616035316868	863
2897	1616035316962	838
2898	1616035317056	760
2899	1616035317146	839
2900	1616035317240	861
2901	1616035317334	765
2902	1616035317428	869
2903	1616035317522	873
2904	1616035317616	782
2905	1616035317710	789
2906	1616035317804	872
2907	1616035317898	806
2908	1616035317992	769
2909	1616035318086	863
2910	1616035318180	822
2911	1616035318274	757
2912	1616035318363	840
2913	1616035318457	851
2914	1616035318551	863
2915	1616035318645	815
2916	1616035318739	859
2917	1616035318833	767
2918	1616035318927	779
2919	1616035319021	851
2920	1616035319115	762
2921	1616035319209	716
2922	1616035319303	751
2923	1616035319397	765
2924	1616035319491	575
2925	1616035319585	755
2926	1616035319679	649
2927	1616035319773	513
2928	1616035319867	731
2929	1616035319961	824
2930	1616035320055	843
2931	1616035320149	737
2932	1616035320243	810
2933	1616035320337	749
2934	1616035320431	745
2935	1616035320525	848
2936	1616035320619	801
2937	1616035320713	752
2938	1616035320801	790
2939	1616035320895	839
2940	1616035320989	758
2941	1616035321083	827
2942	1616035321177	857
2943	1616035321271	767
2944	1616035321365	803
2945	1616035321459	876
2946	1616035321553	791
2947	1616035321647	779
2948	1616035321741	871
2949	1616035321835	817
2950	1616035321929	767
2951	1616035322021	858
2952	1616035322115	841
2953	1616035322209	758
2954	1616035322303	834
2955	1616035322397	863
2956	1616035322491	769
2957	1616035322585	811
2958	1616035322679	875
2959	1616035322773	783
2960	1616035322867	789
2961	1616035322961	876
2962	1616035323055	762
2963	1616035323149	769
2964	1616035323241	866
2965	1616035323335	836
2966	1616035323429	762
2967	1616035323523	845
2968	1616035323617	854
2969	1616035323711	765
2970	1616035323805	819
2971	1616035323899	867
2972	1616035323993	781
2973	1616035324087	794
2974	1616035324181	771
2975	1616035324275	804
2976	1616035324369	770
2977	1616035324459	868
2978	1616035324553	828
2979	1616035324647	761
2980	1616035324741	848
2981	1616035324835	853
2982	1616035324929	762
2983	1616035325023	824
2984	1616035325117	864
2985	1616035325211	771
2986	1616035325305	810
2987	1616035325399	873
2988	1616035325493	794
2989	1616035325587	777
2990	1616035325676	870
2991	1616035325770	826
2992	1616035325864	766
2993	1616035325958	854
2994	1616035326052	846
2995	1616035326146	763
2996	1616035326240	829
2997	1616035326334	866
2998	1616035326428	848
2999	1616035326522	800
3000	1616035326616	871
3001	1616035326710	789
3002	1616035326804	781
3003	1616035326896	867
3004	1616035326990	815
3005	1616035327084	766
3006	1616035327178	852
3007	1616035327272	840
3008	1616035327366	762
3009	1616035327460	836
3010	1616035327554	869
3011	1616035327648	770
3012	1616035327742	807
3013	1616035327836	876
3014	1616035327930	789
3015	1616035328024	784
3016	1616035328113	869
3017	1616035328207	810
3018	1616035328301	768
3019	1616035328395	861
3020	1616035328489	841
3021	1616035328583	761
3022	1616035328677	868
3023	1616035328771	859
3024	1616035328865	762
3025	1616035328959	815
3026	1616035329053	875
3027	1616035329147	785
3028	1616035329241	791
3029	1616035329332	873
3030	1616035329426	807
3031	1616035329520	771
3032	1616035329614	865
3033	1616035329708	834
3034	1616035329802	858
3035	1616035329896	844
3036	1616035329990	854
3037	1616035330084	765
3038	1616035330178	814
3039	1616035330272	869
3040	1616035330366	781
3041	1616035330460	793
3042	1616035330560	874
3043	1616035330653	799
3044	1616035330746	771
3045	1616035330839	865
3046	1616035330932	808
3047	1616035331025	760
3048	1616035331118	848
3049	1616035331211	848
3050	1616035331304	759
3051	1616035331397	824
3052	1616035331490	863
3053	1616035331583	772
3054	1616035331676	795
3055	1616035331774	868
3056	1616035331868	786
3057	1616035331962	774
3058	1616035332056	772
3059	1616035332150	813
3060	1616035332244	757
3061	1616035332338	842
3062	1616035332432	838
3063	1616035332526	751
3064	1616035332620	821
3065	1616035332714	854
3066	1616035332808	755
3067	1616035332902	788
3068	1616035332996	862
3069	1616035333089	768
3070	1616035333182	740
3071	1616035333275	850
3072	1616035333368	792
3073	1616035333461	738
3074	1616035333554	826
3075	1616035333647	803
3076	1616035333740	719
3077	1616035333833	792
3078	1616035333926	809
3079	1616035334019	709
3080	1616035334112	754
3081	1616035334208	810
3082	1616035334302	680
3083	1616035334396	714
3084	1616035334490	874
3085	1616035334584	843
3086	1616035334678	844
3087	1616035334772	939
3088	1616035334866	821
3089	1616035334960	693
3090	1616035335054	798
3091	1616035335148	777
3092	1616035335242	705
3093	1616035335336	660
3094	1616035335428	564
3095	1616035335522	525
3096	1616035335616	575
3097	1616035335710	705
3098	1616035335804	663
3099	1616035335898	654
3100	1616035335992	767
3101	1616035336086	712
3102	1616035336180	588
3103	1616035336274	647
3104	1616035336368	586
3105	1616035336462	492
3106	1616035336556	680
3107	1616035336655	798
3108	1616035336749	732
3109	1616035336843	794
3110	1616035336937	893
3111	1616035337031	685
3112	1616035337125	642
3113	1616035337219	676
3114	1616035337313	682
3115	1616035337407	671
3116	1616035337501	789
3117	1616035337595	800
3118	1616035337689	823
3119	1616035337783	791
3120	1616035337873	832
3121	1616035337968	746
3122	1616035338063	776
3123	1616035338158	852
3124	1616035338253	771
3125	1616035338348	756
3126	1616035338443	849
3127	1616035338538	798
3128	1616035338633	743
3129	1616035338728	836
3130	1616035338823	853
3131	1616035338918	743
3132	1616035339013	809
3133	1616035339110	844
3134	1616035339204	753
3135	1616035339298	787
3136	1616035339392	854
3137	1616035339486	769
3138	1616035339580	759
3139	1616035339674	851
3140	1616035339768	799
3141	1616035339862	745
3142	1616035339956	845
3143	1616035340050	823
3144	1616035340144	740
3145	1616035340238	815
3146	1616035340327	844
3147	1616035340421	746
3148	1616035340515	790
3149	1616035340609	850
3150	1616035340703	765
3151	1616035340797	764
3152	1616035340891	848
3153	1616035340985	792
3154	1616035341079	815
3155	1616035341173	841
3156	1616035341267	818
3157	1616035341361	738
3158	1616035341455	827
3159	1616035341555	838
3160	1616035341649	747
3161	1616035341743	798
3162	1616035341837	849
3163	1616035341931	758
3164	1616035342025	770
3165	1616035342119	854
3166	1616035342213	771
3167	1616035342307	753
3168	1616035342401	843
3169	1616035342495	811
3170	1616035342589	743
3171	1616035342683	824
3172	1616035342772	835
3173	1616035342866	745
3174	1616035342960	803
3175	1616035343054	848
3176	1616035343148	758
3177	1616035343242	773
3178	1616035343336	750
3179	1616035343430	781
3180	1616035343524	754
3181	1616035343618	850
3182	1616035343712	809
3183	1616035343806	747
3184	1616035343900	832
3185	1616035343991	833
