4312	1616035450045	456
4313	1616035450140	522
4314	1616035450235	533
4315	1616035450330	508
4316	1616035450422	497
4317	1616035450515	470
4318	1616035450608	472
4319	1616035450701	543
4320	1616035450794	546
4321	1616035450887	473
4322	1616035450980	469
4323	1616035451073	498
4324	1616035451166	513
4325	1616035451259	532
4326	1616035451352	524
4327	1616035451445	457
4328	1616035451538	457
4329	1616035451630	532
4330	1616035451724	536
4331	1616035451818	501
4332	1616035451912	488
4333	1616035452006	474
4334	1616035452100	493
4335	1616035452194	546
4336	1616035452288	540
4337	1616035452382	470
4338	1616035452476	462
4339	1616035452570	509
4340	1616035452664	520
4341	1616035452758	526
4342	1616035452858	518
4343	1616035452952	458
4344	1616035453046	464
4345	1616035453140	536
4346	1616035453234	538
4347	1616035453328	489
4348	1616035453422	482
4349	1616035453516	483
4350	1616035453610	493
4351	1616035453704	541
4352	1616035453798	539
4353	1616035453892	462
4354	1616035453986	461
4355	1616035454075	514
4356	1616035454168	526
4357	1616035454261	518
4358	1616035454354	508
4359	1616035454447	461
4360	1616035454540	467
4361	1616035454633	542
4362	1616035454726	543
4363	1616035454819	488
4364	1616035454912	475
4365	1616035455005	515
4366	1616035455098	567
4367	1616035455191	668
4368	1616035455289	521
4369	1616035455383	483
4370	1616035455477	817
4371	1616035455571	479
4372	1616035455665	400
4373	1616035455759	254
4374	1616035455853	237
4375	1616035455947	423
4376	1616035456041	363
4377	1616035456135	459
4378	1616035456229	425
4379	1616035456323	408
4380	1616035456417	430
4381	1616035456505	474
4382	1616035456598	493
4383	1616035456691	531
4384	1616035456784	523
4385	1616035456877	457
4386	1616035456970	460
4387	1616035457063	524
4388	1616035457156	533
4389	1616035457249	504
4390	1616035457342	494
4391	1616035457435	467
4392	1616035457528	476
4393	1616035457621	542
4394	1616035457720	541
4395	1616035457814	476
4396	1616035457908	465
4397	1616035458002	499
4398	1616035458096	510
4399	1616035458190	532
4400	1616035458284	526
4401	1616035458378	462
4402	1616035458472	464
4403	1616035458566	533
4404	1616035458660	538
4405	1616035458754	500
4406	1616035458848	493
4407	1616035458940	474
4408	1616035459034	485
4409	1616035459128	544
4410	1616035459222	543
4411	1616035459316	467
4412	1616035459410	466
4413	1616035459504	507
4414	1616035459598	523
4415	1616035459692	523
4416	1616035459786	519
4417	1616035459880	459
4418	1616035459974	461
4419	1616035460068	538
4420	1616035460157	541
4421	1616035460251	493
4422	1616035460345	489
4423	1616035460439	478
4424	1616035460533	497
4425	1616035460627	545
4426	1616035460721	538
4427	1616035460815	468
4428	1616035460909	461
4429	1616035461003	514
4430	1616035461097	520
4431	1616035461191	521
4432	1616035461285	513
4433	1616035461377	457
4434	1616035461471	459
4435	1616035461565	537
4436	1616035461659	540
4437	1616035461753	490
4438	1616035461847	479
4439	1616035461941	481
4440	1616035462035	492
4441	1616035462129	544
4442	1616035462223	535
4443	1616035462317	461
4444	1616035462411	458
4445	1616035462505	514
4446	1616035462595	527
4447	1616035462689	518
4448	1616035462783	512
4449	1616035462877	461
4450	1616035462971	464
4451	1616035463065	538
4452	1616035463159	542
4453	1616035463253	483
4454	1616035463347	467
4455	1616035463441	484
4456	1616035463535	492
4457	1616035463629	540
4458	1616035463723	537
4459	1616035463815	462
4460	1616035463909	459
4461	1616035464003	518
4462	1616035464097	521
4463	1616035464191	514
4464	1616035464285	506
4465	1616035464379	464
4466	1616035464473	466
4467	1616035464567	539
4468	1616035464661	540
4469	1616035464755	481
4470	1616035464849	471
4471	1616035464943	484
4472	1616035465034	493
4473	1616035465128	538
4474	1616035465222	530
4475	1616035465316	459
4476	1616035465410	457
4477	1616035465504	521
4478	1616035465598	524
4479	1616035465692	508
4480	1616035465786	503
4481	1616035465880	464
4482	1616035465974	468
4483	1616035466068	538
4484	1616035466162	539
4485	1616035466253	474
4486	1616035466347	472
4487	1616035466441	488
4488	1616035466535	497
4489	1616035466629	538
4490	1616035466723	532
4491	1616035466817	461
4492	1616035466911	456
4493	1616035467005	521
4494	1616035467099	528
4495	1616035467193	511
4496	1616035467287	505
4497	1616035467381	461
4498	1616035467469	468
4499	1616035467563	542
4500	1616035467657	543
4501	1616035467751	478
4502	1616035467845	471
4503	1616035467939	487
4504	1616035468033	496
4505	1616035468127	537
4506	1616035468221	534
4507	1616035468315	459
4508	1616035468409	459
4509	1616035468503	518
4510	1616035468597	525
4511	1616035468690	514
4512	1616035468784	503
4513	1616035468878	462
4514	1616035468972	471
4515	1616035469066	536
4516	1616035469160	540
4517	1616035469254	481
4518	1616035469348	472
4519	1616035469442	485
4520	1616035469536	491
4521	1616035469630	536
4522	1616035469724	535
4523	1616035469818	459
4524	1616035469907	456
4525	1616035470001	511
4526	1616035470095	524
4527	1616035470189	515
4528	1616035470283	506
4529	1616035470377	458
4530	1616035470471	462
4531	1616035470565	538
4532	1616035470659	534
4533	1616035470753	483
4534	1616035470847	479
4535	1616035470941	477
4536	1616035471035	487
4537	1616035471128	533
4538	1616035471222	532
4539	1616035471316	457
4540	1616035471410	455
4541	1616035471504	504
4542	1616035471598	509
4543	1616035471692	508
4544	1616035471786	496
4545	1616035471880	437
4546	1616035471974	434
4547	1616035472068	493
4548	1616035472162	485
4549	1616035472256	425
4550	1616035472345	379
4551	1616035472439	360
4552	1616035472533	319
4553	1616035472627	372
4554	1616035472721	358
4555	1616035472815	257
4556	1616035472909	375
4557	1616035473003	443
4558	1616035473097	457
4559	1616035473191	489
4560	1616035473285	492
4561	1616035473379	477
4562	1616035473473	498
4563	1616035473565	530
4564	1616035473659	481
4565	1616035473753	432
4566	1616035473847	518
4567	1616035473941	611
4568	1616035474035	744
4569	1616035474129	870
4570	1616035474223	536
4571	1616035474317	479
4572	1616035474411	502
4573	1616035474505	675
4574	1616035474599	660
4575	1616035474693	603
4576	1616035474783	571
4577	1616035474877	486
4578	1616035474971	476
4579	1616035475065	529
4580	1616035475159	534
4581	1616035475253	520
4582	1616035475347	513
4583	1616035475441	463
4584	1616035475535	465
4585	1616035475629	541
4586	1616035475723	541
4587	1616035475817	482
4588	1616035475911	478
4589	1616035476009	479
4590	1616035476103	489
4591	1616035476197	546
4592	1616035476291	538
4593	1616035476385	465
4594	1616035476479	462
4595	1616035476573	507
4596	1616035476667	514
4597	1616035476761	523
4598	1616035476855	520
4599	1616035476949	457
4600	1616035477043	461
4601	1616035477137	534
4602	1616035477228	532
4603	1616035477322	500
4604	1616035477416	484
4605	1616035477510	469
4606	1616035477604	471
4607	1616035477698	542
4608	1616035477792	543
4609	1616035477886	475
4610	1616035477980	470
4611	1616035478074	493
4612	1616035478168	495
4613	1616035478262	537
4614	1616035478356	531
4615	1616035478449	460
4616	1616035478543	463
4617	1616035478637	519
4618	1616035478731	525
4619	1616035478825	513
4620	1616035478919	510
4621	1616035479013	460
4622	1616035479107	465
4623	1616035479201	534
4624	1616035479295	541
4625	1616035479389	484
