10522	1616113662920	466
10523	1616113663014	480
10524	1616113663108	485
10525	1616113663202	480
10526	1616113663296	421
10527	1616113663390	424
10528	1616113663484	498
10529	1616113663578	502
10530	1616113663669	448
10531	1616113663764	442
10532	1616113663859	445
10533	1616113663954	451
10534	1616113664049	504
10535	1616113664144	501
10536	1616113664239	423
10537	1616113664334	421
10538	1616113664429	476
10539	1616113664524	488
10540	1616113664619	480
10541	1616113664714	474
10542	1616113664809	423
10543	1616113664902	427
10544	1616113664996	497
10545	1616113665090	504
10546	1616113665184	443
10547	1616113665278	427
10548	1616113665372	451
10549	1616113665466	465
10550	1616113665560	498
10551	1616113665654	495
10552	1616113665748	420
10553	1616113665842	418
10554	1616113665936	487
10555	1616113666030	492
10556	1616113666119	470
10557	1616113666213	459
10558	1616113666307	428
10559	1616113666401	430
10560	1616113666495	504
10561	1616113666589	503
10562	1616113666683	434
10563	1616113666777	429
10564	1616113666871	454
10565	1616113666965	463
10566	1616113667059	501
10567	1616113667153	488
10568	1616113667247	426
10569	1616113667340	423
10570	1616113667434	484
10571	1616113667528	490
10572	1616113667622	466
10573	1616113667716	457
10574	1616113667810	430
10575	1616113667904	435
10576	1616113667998	505
10577	1616113668092	499
10578	1616113668186	434
10579	1616113668280	426
10580	1616113668374	460
10581	1616113668468	468
10582	1616113668560	488
10583	1616113668655	482
10584	1616113668750	417
10585	1616113668845	416
10586	1616113668940	483
10587	1616113669035	492
10588	1616113669130	447
10589	1616113669225	440
10590	1616113669320	422
10591	1616113669415	428
10592	1616113669510	489
10593	1616113669605	490
10594	1616113669700	419
10595	1616113669794	422
10596	1616113669888	470
10597	1616113669982	481
10598	1616113670076	486
10599	1616113670170	481
10600	1616113670264	425
10601	1616113670358	425
10602	1616113670452	499
10603	1616113670546	503
10604	1616113670640	455
10605	1616113670734	448
10606	1616113670828	436
10607	1616113670922	457
10608	1616113671013	506
10609	1616113671107	502
10610	1616113671201	424
10611	1616113671295	421
10612	1616113671389	479
10613	1616113671483	479
10614	1616113671577	483
10615	1616113671671	477
10616	1616113671765	419
10617	1616113671859	425
10618	1616113671953	497
10619	1616113672047	503
10620	1616113672141	457
10621	1616113672232	442
10622	1616113672326	444
10623	1616113672420	454
10624	1616113672514	504
10625	1616113672608	498
10626	1616113672702	423
10627	1616113672796	420
10628	1616113672890	477
10629	1616113672984	488
10630	1616113673078	481
10631	1616113673172	475
10632	1616113673266	422
10633	1616113673360	426
10634	1616113673450	501
10635	1616113673544	504
10636	1616113673638	450
10637	1616113673732	428
10638	1616113673826	446
10639	1616113673920	453
10640	1616113674014	501
10641	1616113674108	496
10642	1616113674202	425
10643	1616113674296	422
10644	1616113674390	479
10645	1616113674484	483
10646	1616113674578	476
10647	1616113674667	469
10648	1616113674761	428
10649	1616113674855	427
10650	1616113674949	504
10651	1616113675043	501
10652	1616113675137	441
10653	1616113675231	432
10654	1616113675325	448
10655	1616113675419	458
10656	1616113675513	498
10657	1616113675607	492
10658	1616113675701	421
10659	1616113675795	420
10660	1616113675888	483
10661	1616113675982	488
10662	1616113676076	472
10663	1616113676170	467
10664	1616113676264	425
10665	1616113676358	432
10666	1616113676452	497
10667	1616113676546	499
10668	1616113676640	438
10669	1616113676734	433
10670	1616113676828	448
10671	1616113676922	457
10672	1616113677016	497
10673	1616113677106	493
10674	1616113677200	428
10675	1616113677294	420
10676	1616113677388	484
10677	1616113677482	491
10678	1616113677576	473
10679	1616113677670	463
10680	1616113677764	427
10681	1616113677858	430
10682	1616113677952	504
10683	1616113678046	505
10684	1616113678140	439
10685	1616113678234	435
10686	1616113678324	449
10687	1616113678418	455
10688	1616113678512	497
10689	1616113678606	495
10690	1616113678700	422
10691	1616113678794	420
10692	1616113678888	477
10693	1616113678982	487
10694	1616113679076	472
10695	1616113679170	463
10696	1616113679264	423
10697	1616113679358	437
10698	1616113679452	500
10699	1616113679543	501
10700	1616113679637	444
10701	1616113679731	433
10702	1616113679825	445
10703	1616113679919	451
10704	1616113680013	497
10705	1616113680107	497
10706	1616113680201	420
10707	1616113680295	419
10708	1616113680389	473
10709	1616113680483	479
10710	1616113680577	473
10711	1616113680671	469
10712	1616113680763	417
10713	1616113680857	417
10714	1616113680951	490
10715	1616113681045	491
10716	1616113681139	441
10717	1616113681233	429
10718	1616113681327	427
10719	1616113681421	432
10720	1616113681515	482
10721	1616113681609	488
10722	1616113681703	421
10723	1616113681797	423
10724	1616113681891	479
10725	1616113681982	488
10726	1616113682076	498
10727	1616113682170	486
10728	1616113682264	431
10729	1616113682358	428
10730	1616113682452	499
10731	1616113682546	500
10732	1616113682640	453
10733	1616113682734	448
10734	1616113682828	439
10735	1616113682922	444
10736	1616113683016	499
10737	1616113683110	501
10738	1616113683200	431
10739	1616113683294	424
10740	1616113683388	460
10741	1616113683482	471
10742	1616113683576	491
10743	1616113683670	486
10744	1616113683764	418
10745	1616113683858	421
10746	1616113683952	489
10747	1616113684046	493
10748	1616113684140	468
10749	1616113684234	456
10750	1616113684328	433
10751	1616113684419	433
10752	1616113684513	507
10753	1616113684607	505
10754	1616113684701	439
10755	1616113684795	434
10756	1616113684889	453
10757	1616113684983	473
10758	1616113685077	496
10759	1616113685171	491
10760	1616113685265	423
10761	1616113685359	421
10762	1616113685453	478
10763	1616113685547	490
10764	1616113685637	479
10765	1616113685731	470
10766	1616113685825	425
10767	1616113685919	428
10768	1616113686013	502
10769	1616113686107	503
10770	1616113686201	446
10771	1616113686295	445
10772	1616113686389	442
10773	1616113686483	451
10774	1616113686577	504
10775	1616113686671	502
10776	1616113686765	427
10777	1616113686856	424
10778	1616113686950	469
10779	1616113687044	477
10780	1616113687138	485
10781	1616113687232	480
