8828	1618476809962	503
8829	1618476810056	458
8830	1618476810150	503
8831	1618476810244	469
8832	1618476810338	458
8833	1618476810432	491
8834	1618476810526	520
8835	1618476810620	467
8836	1618476810714	480
8837	1618476810808	522
8838	1618476810902	476
8839	1618476810996	478
8840	1618476811086	523
8841	1618476811180	483
8842	1618476811274	464
8843	1618476811368	456
8844	1618476811462	495
8845	1618476811556	457
8846	1618476811650	514
8847	1618476811744	503
8848	1618476811838	456
8849	1618476811932	504
8850	1618476812026	513
8851	1618476812120	461
8852	1618476812214	494
8853	1618476812306	517
8854	1618476812400	468
8855	1618476812494	500
8856	1618476812588	521
8857	1618476812682	475
8858	1618476812776	475
8859	1618476812870	521
8860	1618476812964	483
8861	1618476813058	467
8862	1618476813152	513
8863	1618476813246	497
8864	1618476813340	459
8865	1618476813434	510
8866	1618476813523	502
8867	1618476813617	518
8868	1618476813711	502
8869	1618476813805	515
8870	1618476813899	466
8871	1618476813993	495
8872	1618476814087	520
8873	1618476814181	469
8874	1618476814275	489
8875	1618476814369	544
8876	1618476814463	482
8877	1618476814557	491
8878	1618476814651	535
8879	1618476814743	563
8880	1618476814837	627
8881	1618476814931	713
8882	1618476815025	584
8883	1618476815119	393
8884	1618476815213	435
8885	1618476815307	457
8886	1618476815401	392
8887	1618476815495	469
8888	1618476815589	563
8889	1618476815683	652
8890	1618476815777	753
8891	1618476815871	723
8892	1618476815961	702
8893	1618476816055	651
8894	1618476816149	645
8895	1618476816243	555
8896	1618476816337	512
8897	1618476816431	537
8898	1618476816525	492
8899	1618476816619	467
8900	1618476816713	517
8901	1618476816807	492
8902	1618476816901	456
8903	1618476816995	460
8904	1618476817089	501
8905	1618476817181	460
8906	1618476817275	500
8907	1618476817369	514
8908	1618476817463	457
8909	1618476817557	488
8910	1618476817651	520
8911	1618476817745	465
8912	1618476817839	482
8913	1618476817933	519
8914	1618476818027	474
8915	1618476818121	484
8916	1618476818215	521
8917	1618476818309	484
8918	1618476818398	463
8919	1618476818492	513
8920	1618476818586	498
8921	1618476818680	460
8922	1618476818774	507
8923	1618476818868	505
8924	1618476818962	461
8925	1618476819056	503
8926	1618476819150	517
8927	1618476819244	511
8928	1618476819338	489
8929	1618476819432	521
8930	1618476819526	473
8931	1618476819618	480
8932	1618476819712	525
8933	1618476819806	479
8934	1618476819900	473
8935	1618476819994	520
8936	1618476820088	488
8937	1618476820182	462
8938	1618476820276	516
8939	1618476820370	522
8940	1618476820464	456
8941	1618476820558	506
8942	1618476820652	507
8943	1618476820746	461
8944	1618476820837	495
8945	1618476820931	516
8946	1618476821025	462
8947	1618476821119	494
8948	1618476821213	517
8949	1618476821307	472
8950	1618476821401	482
8951	1618476821495	495
8952	1618476821589	476
8953	1618476821683	466
8954	1618476821777	522
8955	1618476821871	487
8956	1618476821965	465
8957	1618476822054	517
8958	1618476822148	494
8959	1618476822242	460
8960	1618476822336	509
8961	1618476822430	508
8962	1618476822524	460
8963	1618476822618	469
8964	1618476822712	517
8965	1618476822806	464
8966	1618476822900	493
8967	1618476822994	522
8968	1618476823088	466
8969	1618476823182	480
8970	1618476823274	525
8971	1618476823368	476
8972	1618476823462	465
8973	1618476823556	525
8974	1618476823650	488
8975	1618476823744	468
8976	1618476823838	516
8977	1618476823932	494
8978	1618476824026	458
8979	1618476824120	509
8980	1618476824214	511
8981	1618476824308	464
8982	1618476824402	502
8983	1618476824491	517
8984	1618476824585	462
8985	1618476824679	488
8986	1618476824773	521
8987	1618476824867	500
8988	1618476824961	480
8989	1618476825055	519
8990	1618476825149	478
8991	1618476825243	470
8992	1618476825337	521
8993	1618476825431	486
8994	1618476825525	463
8995	1618476825619	515
8996	1618476825711	499
8997	1618476825805	461
8998	1618476825899	510
8999	1618476825993	520
9000	1618476826087	463
9001	1618476826181	497
9002	1618476826275	516
9003	1618476826369	465
9004	1618476826463	488
9005	1618476826557	521
9006	1618476826651	470
9007	1618476826745	482
9008	1618476826839	521
9009	1618476826930	482
9010	1618476827024	472
9011	1618476827118	509
9012	1618476827212	488
9013	1618476827306	465
9014	1618476827400	510
9015	1618476827494	498
9016	1618476827588	465
9017	1618476827682	507
9018	1618476827776	505
9019	1618476827870	462
9020	1618476827964	500
9021	1618476828058	518
9022	1618476828158	465
9023	1618476828253	472
9024	1618476828348	521
9025	1618476828443	468
9026	1618476828538	477
9027	1618476828633	525
9028	1618476828728	478
9029	1618476828823	470
9030	1618476828918	519
9031	1618476829013	490
9032	1618476829108	466
9033	1618476829203	516
9034	1618476829298	499
9035	1618476829390	456
9036	1618476829484	505
9037	1618476829578	511
9038	1618476829672	462
9039	1618476829766	494
9040	1618476829860	520
9041	1618476829954	464
9042	1618476830048	487
9043	1618476830142	521
9044	1618476830236	471
9045	1618476830330	478
9046	1618476830424	526
9047	1618476830518	491
9048	1618476830610	470
9049	1618476830704	521
9050	1618476830798	490
9051	1618476830892	461
9052	1618476830986	515
9053	1618476831080	501
9054	1618476831174	462
9055	1618476831268	502
9056	1618476831362	512
9057	1618476831456	457
9058	1618476831550	497
9059	1618476831644	514
9060	1618476831738	469
9061	1618476831829	481
9062	1618476831924	517
9063	1618476832019	475
9064	1618476832114	473
9065	1618476832209	519
9066	1618476832304	481
9067	1618476832399	467
9068	1618476832494	560
9069	1618476832589	566
9070	1618476832684	614
9071	1618476832779	773
9072	1618476832874	656
9073	1618476832969	413
9074	1618476833062	459
9075	1618476833156	685
9076	1618476833250	507
9077	1618476833344	501
9078	1618476833438	524
9079	1618476833532	468
9080	1618476833626	484
9081	1618476833720	528
9082	1618476833814	475
9083	1618476833908	484
9084	1618476834002	524
9085	1618476834096	485
9086	1618476834190	465
9087	1618476834283	518
9088	1618476834377	496
9089	1618476834471	463
9090	1618476834565	512
9091	1618476834659	508
9092	1618476834753	461
9093	1618476834847	504
9094	1618476834941	516
9095	1618476835035	462
9096	1618476835129	497
9097	1618476835223	524
9098	1618476835317	467
9099	1618476835411	482
9100	1618476835499	525
9101	1618476835593	478
9102	1618476835687	470
9103	1618476835781	524
9104	1618476835875	487
9105	1618476835969	459
9106	1618476836063	512
9107	1618476836157	474
9108	1618476836251	463
9109	1618476836345	513
9110	1618476836439	511
9111	1618476836533	461
9112	1618476836627	499
9113	1618476836720	518
9114	1618476836814	465
9115	1618476836908	492
9116	1618476837002	522
9117	1618476837096	471
9118	1618476837190	482
9119	1618476837284	507
9120	1618476837378	478
9121	1618476837472	471
9122	1618476837566	522
9123	1618476837660	491
9124	1618476837754	467
9125	1618476837848	516
9126	1618476837938	500
9127	1618476838032	463
9128	1618476838126	507
9129	1618476838220	508
9130	1618476838314	461
9131	1618476838408	522
9132	1618476838502	516
9133	1618476838596	468
9134	1618476838690	493
9135	1618476838784	521
9136	1618476838878	472
9137	1618476838972	479
9138	1618476839066	530
9139	1618476839156	483
9140	1618476839250	471
9141	1618476839344	521
9142	1618476839438	490
9143	1618476839532	506
9144	1618476839626	515
9145	1618476839720	498
9146	1618476839814	462
9147	1618476839908	503
9148	1618476840002	516
9149	1618476840096	461
9150	1618476840190	496
9151	1618476840284	521
9152	1618476840377	464
9153	1618476840471	488
9154	1618476840565	525
9155	1618476840659	469
9156	1618476840753	474
