2172	1616112866043	453
2173	1616112866137	507
2174	1616112866231	501
2175	1616112866325	436
2176	1616112866419	425
2177	1616112866513	469
2178	1616112866607	480
2179	1616112866701	488
2180	1616112866795	477
2181	1616112866889	422
2182	1616112866983	424
2183	1616112867077	499
2184	1616112867166	500
2185	1616112867260	452
2186	1616112867354	443
2187	1616112867448	446
2188	1616112867542	453
2189	1616112867636	503
2190	1616112867730	498
2191	1616112867824	424
2192	1616112867918	422
2193	1616112868012	479
2194	1616112868106	488
2195	1616112868200	479
2196	1616112868294	471
2197	1616112868394	425
2198	1616112868489	427
2199	1616112868584	502
2200	1616112868679	505
2201	1616112868774	444
2202	1616112868869	429
2203	1616112868964	450
2204	1616112869059	464
2205	1616112869154	500
2206	1616112869249	493
2207	1616112869344	423
2208	1616112869439	418
2209	1616112869534	483
2210	1616112869630	494
2211	1616112869724	470
2212	1616112869818	461
2213	1616112869912	428
2214	1616112870006	433
2215	1616112870100	504
2216	1616112870194	506
2217	1616112870288	440
2218	1616112870382	429
2219	1616112870476	454
2220	1616112870570	465
2221	1616112870664	497
2222	1616112870758	489
2223	1616112870847	423
2224	1616112870941	421
2225	1616112871035	486
2226	1616112871129	497
2227	1616112871223	468
2228	1616112871317	460
2229	1616112871411	431
2230	1616112871505	438
2231	1616112871599	502
2232	1616112871693	502
2233	1616112871787	436
2234	1616112871881	425
2235	1616112871975	461
2236	1616112872065	470
2237	1616112872159	492
2238	1616112872253	487
2239	1616112872347	425
2240	1616112872441	421
2241	1616112872535	493
2242	1616112872629	498
2243	1616112872723	459
2244	1616112872817	458
2245	1616112872911	433
2246	1616112873005	445
2247	1616112873099	506
2248	1616112873193	505
2249	1616112873284	434
2250	1616112873378	436
2251	1616112873472	480
2252	1616112873566	493
2253	1616112873660	494
2254	1616112873754	487
2255	1616112873848	423
2256	1616112873942	421
2257	1616112874036	493
2258	1616112874130	488
2259	1616112874224	439
2260	1616112874318	436
2261	1616112874412	432
2262	1616112874503	457
2263	1616112874597	501
2264	1616112874691	499
2265	1616112874785	429
2266	1616112874879	423
2267	1616112874973	472
2268	1616112875067	477
2269	1616112875161	484
2270	1616112875255	475
2271	1616112875349	419
2272	1616112875443	424
2273	1616112875537	501
2274	1616112875631	503
2275	1616112875725	452
2276	1616112875819	444
2277	1616112875913	444
2278	1616112876007	453
2279	1616112876101	502
2280	1616112876195	498
2281	1616112876289	422
2282	1616112876383	422
2283	1616112876477	477
2284	1616112876571	485
2285	1616112876665	481
2286	1616112876759	473
2287	1616112876853	422
2288	1616112876943	426
2289	1616112877037	499
2290	1616112877131	504
2291	1616112877225	447
2292	1616112877319	431
2293	1616112877413	446
2294	1616112877507	453
2295	1616112877601	503
2296	1616112877695	499
2297	1616112877789	424
2298	1616112877883	422
2299	1616112877977	479
2300	1616112878071	484
2301	1616112878159	474
2302	1616112878253	470
2303	1616112878347	425
2304	1616112878441	426
2305	1616112878535	505
2306	1616112878629	503
2307	1616112878723	441
2308	1616112878817	433
2309	1616112878911	451
2310	1616112879005	458
2311	1616112879099	500
2312	1616112879193	490
2313	1616112879287	422
2314	1616112879379	419
2315	1616112879473	482
2316	1616112879567	484
2317	1616112879661	475
2318	1616112879755	468
2319	1616112879849	425
2320	1616112879943	433
2321	1616112880037	499
2322	1616112880131	499
2323	1616112880225	442
2324	1616112880319	435
2325	1616112880413	453
2326	1616112880507	460
2327	1616112880600	503
2328	1616112880694	494
2329	1616112880788	422
2330	1616112880882	423
2331	1616112880976	484
2332	1616112881070	489
2333	1616112881164	474
2334	1616112881258	467
2335	1616112881352	426
2336	1616112881446	436
2337	1616112881540	504
2338	1616112881634	506
2339	1616112881728	440
2340	1616112881817	434
2341	1616112881911	449
2342	1616112882005	457
2343	1616112882099	500
2344	1616112882193	495
2345	1616112882287	422
2346	1616112882381	422
2347	1616112882475	479
2348	1616112882569	486
2349	1616112882663	476
2350	1616112882757	468
2351	1616112882851	425
2352	1616112882945	432
2353	1616112883037	501
2354	1616112883131	502
2355	1616112883225	442
2356	1616112883319	438
2357	1616112883413	446
2358	1616112883507	452
2359	1616112883601	500
2360	1616112883695	498
2361	1616112883789	427
2362	1616112883883	422
2363	1616112883977	477
2364	1616112884071	485
2365	1616112884165	477
2366	1616112884254	471
2367	1616112884348	422
2368	1616112884442	426
2369	1616112884536	499
2370	1616112884630	500
2371	1616112884724	446
2372	1616112884818	442
2373	1616112884912	440
2374	1616112885006	446
2375	1616112885100	493
2376	1616112885194	492
2377	1616112885288	412
2378	1616112885382	390
2379	1616112885473	426
2380	1616112885567	389
2381	1616112885661	380
2382	1616112885755	397
2383	1616112885849	375
2384	1616112885943	400
2385	1616112886037	502
2386	1616112886131	531
2387	1616112886225	474
2388	1616112886319	456
2389	1616112886413	446
2390	1616112886507	445
2391	1616112886601	501
2392	1616112886690	502
2393	1616112886784	433
2394	1616112886878	424
2395	1616112886972	464
2396	1616112887066	469
2397	1616112887160	495
2398	1616112887254	487
2399	1616112887348	423
2400	1616112887442	423
2401	1616112887536	490
2402	1616112887630	493
2403	1616112887724	471
2404	1616112887818	456
2405	1616112887911	433
2406	1616112888005	435
2407	1616112888099	508
2408	1616112888193	508
2409	1616112888287	438
2410	1616112888381	436
2411	1616112888475	456
2412	1616112888569	473
2413	1616112888663	497
2414	1616112888757	493
2415	1616112888851	426
2416	1616112888945	422
2417	1616112889039	484
2418	1616112889130	490
2419	1616112889224	475
2420	1616112889318	470
2421	1616112889412	421
2422	1616112889506	426
2423	1616112889600	502
2424	1616112889694	504
2425	1616112889788	447
2426	1616112889882	445
2427	1616112889976	440
2428	1616112890070	449
2429	1616112890164	504
2430	1616112890258	504
2431	1616112890348	426
2432	1616112890442	433
2433	1616112890536	469
2434	1616112890630	478
2435	1616112890724	488
2436	1616112890818	481
2437	1616112890912	428
2438	1616112891006	424
2439	1616112891100	497
2440	1616112891194	498
2441	1616112891288	466
